0.644651 0.01 2 5.0% 450
0.647230 0.01 2 5.0% 500
0.647018 0.01 2 5.0% 550
0.647018 0.01 2 5.0% 600
0.647026 0.01 2 5.0% 650
0.647101 0.01 2 5.0% 700
0.647098 0.01 2 5.0% 750
0.648675 0.01 2 5.0% 800
0.648685 0.01 2 5.0% 850
0.648641 0.01 2 5.0% 900
0.648642 0.01 2 5.0% 950
0.648643 0.01 2 5.0% 1000
0.649824 0.01 2 7.0% 450
0.649738 0.01 2 7.0% 500
0.648399 0.01 2 7.0% 550
0.655569 0.01 2 7.0% 600
0.655883 0.01 2 7.0% 650
0.656203 0.01 2 7.0% 700
0.656353 0.01 2 7.0% 750
0.656332 0.01 2 7.0% 800
0.657959 0.01 2 7.0% 850
0.660630 0.01 2 7.0% 900
0.661130 0.01 2 7.0% 950
0.661940 0.01 2 7.0% 1000
0.654188 0.01 2 9.0% 450
0.654856 0.01 2 9.0% 500
0.655515 0.01 2 9.0% 550
0.655473 0.01 2 9.0% 600
0.655676 0.01 2 9.0% 650
0.656137 0.01 2 9.0% 700
0.656807 0.01 2 9.0% 750
0.657200 0.01 2 9.0% 800
0.657732 0.01 2 9.0% 850
0.658061 0.01 2 9.0% 900
0.657803 0.01 2 9.0% 950
0.658073 0.01 2 9.0% 1000
0.630355 0.01 2 11.0% 450
0.631669 0.01 2 11.0% 500
0.631276 0.01 2 11.0% 550
0.631765 0.01 2 11.0% 600
0.631960 0.01 2 11.0% 650
0.632680 0.01 2 11.0% 700
0.633042 0.01 2 11.0% 750
0.633518 0.01 2 11.0% 800
0.634006 0.01 2 11.0% 850
0.634199 0.01 2 11.0% 900
0.634461 0.01 2 11.0% 950
0.635469 0.01 2 11.0% 1000
0.630504 0.01 2 13.0% 450
0.630632 0.01 2 13.0% 500
0.630774 0.01 2 13.0% 550
0.631003 0.01 2 13.0% 600
0.631247 0.01 2 13.0% 650
0.631635 0.01 2 13.0% 700
0.631839 0.01 2 13.0% 750
0.632137 0.01 2 13.0% 800
0.632674 0.01 2 13.0% 850
0.633234 0.01 2 13.0% 900
0.633749 0.01 2 13.0% 950
0.634374 0.01 2 13.0% 1000
0.625273 0.01 2 15.0% 450
0.627235 0.01 2 15.0% 500
0.627146 0.01 2 15.0% 550
0.628301 0.01 2 15.0% 600
0.628919 0.01 2 15.0% 650
0.629035 0.01 2 15.0% 700
0.629562 0.01 2 15.0% 750
0.629871 0.01 2 15.0% 800
0.630397 0.01 2 15.0% 850
0.630823 0.01 2 15.0% 900
0.631123 0.01 2 15.0% 950
0.631790 0.01 2 15.0% 1000
0.623348 0.01 2 17.0% 450
0.623680 0.01 2 17.0% 500
0.623873 0.01 2 17.0% 550
0.624540 0.01 2 17.0% 600
0.624969 0.01 2 17.0% 650
0.625938 0.01 2 17.0% 700
0.626573 0.01 2 17.0% 750
0.626911 0.01 2 17.0% 800
0.627613 0.01 2 17.0% 850
0.628425 0.01 2 17.0% 900
0.628932 0.01 2 17.0% 950
0.629939 0.01 2 17.0% 1000
0.620688 0.01 2 19.0% 450
0.621531 0.01 2 19.0% 500
0.622534 0.01 2 19.0% 550
0.623439 0.01 2 19.0% 600
0.623816 0.01 2 19.0% 650
0.625455 0.01 2 19.0% 700
0.626024 0.01 2 19.0% 750
0.626869 0.01 2 19.0% 800
0.627745 0.01 2 19.0% 850
0.629098 0.01 2 19.0% 900
0.629580 0.01 2 19.0% 950
0.630317 0.01 2 19.0% 1000
0.663086 0.01 3 5.0% 450
0.665476 0.01 3 5.0% 500
0.666745 0.01 3 5.0% 550
0.667025 0.01 3 5.0% 600
0.667980 0.01 3 5.0% 650
0.668745 0.01 3 5.0% 700
0.669358 0.01 3 5.0% 750
0.669688 0.01 3 5.0% 800
0.670715 0.01 3 5.0% 850
0.671610 0.01 3 5.0% 900
0.672037 0.01 3 5.0% 950
0.672766 0.01 3 5.0% 1000
0.665629 0.01 3 7.0% 450
0.666244 0.01 3 7.0% 500
0.666618 0.01 3 7.0% 550
0.666811 0.01 3 7.0% 600
0.667783 0.01 3 7.0% 650
0.668816 0.01 3 7.0% 700
0.669363 0.01 3 7.0% 750
0.670062 0.01 3 7.0% 800
0.670771 0.01 3 7.0% 850
0.671606 0.01 3 7.0% 900
0.672463 0.01 3 7.0% 950
0.673417 0.01 3 7.0% 1000
0.661305 0.01 3 9.0% 450
0.663380 0.01 3 9.0% 500
0.664119 0.01 3 9.0% 550
0.665488 0.01 3 9.0% 600
0.666183 0.01 3 9.0% 650
0.666836 0.01 3 9.0% 700
0.667774 0.01 3 9.0% 750
0.668361 0.01 3 9.0% 800
0.669042 0.01 3 9.0% 850
0.669347 0.01 3 9.0% 900
0.669606 0.01 3 9.0% 950
0.670195 0.01 3 9.0% 1000
0.644672 0.01 3 11.0% 450
0.645057 0.01 3 11.0% 500
0.645974 0.01 3 11.0% 550
0.646973 0.01 3 11.0% 600
0.647491 0.01 3 11.0% 650
0.648189 0.01 3 11.0% 700
0.649298 0.01 3 11.0% 750
0.649845 0.01 3 11.0% 800
0.650432 0.01 3 11.0% 850
0.651082 0.01 3 11.0% 900
0.651189 0.01 3 11.0% 950
0.651797 0.01 3 11.0% 1000
0.640560 0.01 3 13.0% 450
0.641312 0.01 3 13.0% 500
0.643079 0.01 3 13.0% 550
0.643963 0.01 3 13.0% 600
0.644594 0.01 3 13.0% 650
0.644908 0.01 3 13.0% 700
0.645925 0.01 3 13.0% 750
0.646624 0.01 3 13.0% 800
0.647405 0.01 3 13.0% 850
0.648212 0.01 3 13.0% 900
0.648670 0.01 3 13.0% 950
0.649414 0.01 3 13.0% 1000
0.636509 0.01 3 15.0% 450
0.637425 0.01 3 15.0% 500
0.638103 0.01 3 15.0% 550
0.638621 0.01 3 15.0% 600
0.639485 0.01 3 15.0% 650
0.640486 0.01 3 15.0% 700
0.641547 0.01 3 15.0% 750
0.642396 0.01 3 15.0% 800
0.643021 0.01 3 15.0% 850
0.643696 0.01 3 15.0% 900
0.644330 0.01 3 15.0% 950
0.645002 0.01 3 15.0% 1000
0.635144 0.01 3 17.0% 450
0.634776 0.01 3 17.0% 500
0.635158 0.01 3 17.0% 550
0.635980 0.01 3 17.0% 600
0.636826 0.01 3 17.0% 650
0.637377 0.01 3 17.0% 700
0.638201 0.01 3 17.0% 750
0.638492 0.01 3 17.0% 800
0.639133 0.01 3 17.0% 850
0.639902 0.01 3 17.0% 900
0.640245 0.01 3 17.0% 950
0.640878 0.01 3 17.0% 1000
0.631432 0.01 3 19.0% 450
0.631712 0.01 3 19.0% 500
0.632238 0.01 3 19.0% 550
0.633174 0.01 3 19.0% 600
0.633952 0.01 3 19.0% 650
0.634512 0.01 3 19.0% 700
0.634759 0.01 3 19.0% 750
0.635274 0.01 3 19.0% 800
0.635937 0.01 3 19.0% 850
0.636481 0.01 3 19.0% 900
0.636744 0.01 3 19.0% 950
0.637239 0.01 3 19.0% 1000
0.673918 0.01 4 5.0% 450
0.674565 0.01 4 5.0% 500
0.676387 0.01 4 5.0% 550
0.678299 0.01 4 5.0% 600
0.680090 0.01 4 5.0% 650
0.682469 0.01 4 5.0% 700
0.684029 0.01 4 5.0% 750
0.685627 0.01 4 5.0% 800
0.687630 0.01 4 5.0% 850
0.689668 0.01 4 5.0% 900
0.690809 0.01 4 5.0% 950
0.692209 0.01 4 5.0% 1000
0.687063 0.01 4 7.0% 450
0.687929 0.01 4 7.0% 500
0.689143 0.01 4 7.0% 550
0.689949 0.01 4 7.0% 600
0.690165 0.01 4 7.0% 650
0.690855 0.01 4 7.0% 700
0.691581 0.01 4 7.0% 750
0.692471 0.01 4 7.0% 800
0.693445 0.01 4 7.0% 850
0.694483 0.01 4 7.0% 900
0.694955 0.01 4 7.0% 950
0.695827 0.01 4 7.0% 1000
0.669715 0.01 4 9.0% 450
0.670588 0.01 4 9.0% 500
0.671914 0.01 4 9.0% 550
0.672593 0.01 4 9.0% 600
0.673458 0.01 4 9.0% 650
0.674762 0.01 4 9.0% 700
0.675939 0.01 4 9.0% 750
0.676552 0.01 4 9.0% 800
0.677476 0.01 4 9.0% 850
0.677985 0.01 4 9.0% 900
0.678067 0.01 4 9.0% 950
0.678638 0.01 4 9.0% 1000
0.650617 0.01 4 11.0% 450
0.651510 0.01 4 11.0% 500
0.652348 0.01 4 11.0% 550
0.653066 0.01 4 11.0% 600
0.654454 0.01 4 11.0% 650
0.655381 0.01 4 11.0% 700
0.656323 0.01 4 11.0% 750
0.657015 0.01 4 11.0% 800
0.657694 0.01 4 11.0% 850
0.658020 0.01 4 11.0% 900
0.658480 0.01 4 11.0% 950
0.659192 0.01 4 11.0% 1000
0.644443 0.01 4 13.0% 450
0.645589 0.01 4 13.0% 500
0.646954 0.01 4 13.0% 550
0.647300 0.01 4 13.0% 600
0.648337 0.01 4 13.0% 650
0.649083 0.01 4 13.0% 700
0.650192 0.01 4 13.0% 750
0.651114 0.01 4 13.0% 800
0.652317 0.01 4 13.0% 850
0.653252 0.01 4 13.0% 900
0.654084 0.01 4 13.0% 950
0.654983 0.01 4 13.0% 1000
0.638237 0.01 4 15.0% 450
0.638973 0.01 4 15.0% 500
0.639726 0.01 4 15.0% 550
0.640210 0.01 4 15.0% 600
0.641131 0.01 4 15.0% 650
0.642226 0.01 4 15.0% 700
0.643415 0.01 4 15.0% 750
0.644486 0.01 4 15.0% 800
0.645399 0.01 4 15.0% 850
0.646402 0.01 4 15.0% 900
0.647249 0.01 4 15.0% 950
0.648052 0.01 4 15.0% 1000
0.636073 0.01 4 17.0% 450
0.635898 0.01 4 17.0% 500
0.636089 0.01 4 17.0% 550
0.636581 0.01 4 17.0% 600
0.637377 0.01 4 17.0% 650
0.638023 0.01 4 17.0% 700
0.638855 0.01 4 17.0% 750
0.639055 0.01 4 17.0% 800
0.639763 0.01 4 17.0% 850
0.640615 0.01 4 17.0% 900
0.640970 0.01 4 17.0% 950
0.641520 0.01 4 17.0% 1000
0.631432 0.01 4 19.0% 450
0.631712 0.01 4 19.0% 500
0.632238 0.01 4 19.0% 550
0.633174 0.01 4 19.0% 600
0.633952 0.01 4 19.0% 650
0.634512 0.01 4 19.0% 700
0.634776 0.01 4 19.0% 750
0.635285 0.01 4 19.0% 800
0.635943 0.01 4 19.0% 850
0.636475 0.01 4 19.0% 900
0.636745 0.01 4 19.0% 950
0.637245 0.01 4 19.0% 1000
0.695169 0.01 5 5.0% 450
0.696803 0.01 5 5.0% 500
0.698343 0.01 5 5.0% 550
0.699011 0.01 5 5.0% 600
0.700193 0.01 5 5.0% 650
0.701323 0.01 5 5.0% 700
0.702432 0.01 5 5.0% 750
0.702912 0.01 5 5.0% 800
0.703958 0.01 5 5.0% 850
0.704471 0.01 5 5.0% 900
0.705029 0.01 5 5.0% 950
0.706103 0.01 5 5.0% 1000
0.693068 0.01 5 7.0% 450
0.694330 0.01 5 7.0% 500
0.695160 0.01 5 7.0% 550
0.695882 0.01 5 7.0% 600
0.697199 0.01 5 7.0% 650
0.698228 0.01 5 7.0% 700
0.699325 0.01 5 7.0% 750
0.700360 0.01 5 7.0% 800
0.701193 0.01 5 7.0% 850
0.701769 0.01 5 7.0% 900
0.702368 0.01 5 7.0% 950
0.702907 0.01 5 7.0% 1000
0.673285 0.01 5 9.0% 450
0.674638 0.01 5 9.0% 500
0.675547 0.01 5 9.0% 550
0.676164 0.01 5 9.0% 600
0.677470 0.01 5 9.0% 650
0.678317 0.01 5 9.0% 700
0.679717 0.01 5 9.0% 750
0.680285 0.01 5 9.0% 800
0.680722 0.01 5 9.0% 850
0.681212 0.01 5 9.0% 900
0.681440 0.01 5 9.0% 950
0.681895 0.01 5 9.0% 1000
0.653962 0.01 5 11.0% 450
0.655277 0.01 5 11.0% 500
0.656281 0.01 5 11.0% 550
0.656720 0.01 5 11.0% 600
0.657723 0.01 5 11.0% 650
0.658431 0.01 5 11.0% 700
0.659326 0.01 5 11.0% 750
0.659951 0.01 5 11.0% 800
0.660573 0.01 5 11.0% 850
0.661046 0.01 5 11.0% 900
0.661648 0.01 5 11.0% 950
0.662226 0.01 5 11.0% 1000
0.644795 0.01 5 13.0% 450
0.645850 0.01 5 13.0% 500
0.647175 0.01 5 13.0% 550
0.647905 0.01 5 13.0% 600
0.648892 0.01 5 13.0% 650
0.649846 0.01 5 13.0% 700
0.651054 0.01 5 13.0% 750
0.652016 0.01 5 13.0% 800
0.653207 0.01 5 13.0% 850
0.654242 0.01 5 13.0% 900
0.655066 0.01 5 13.0% 950
0.656007 0.01 5 13.0% 1000
0.638188 0.01 5 15.0% 450
0.638895 0.01 5 15.0% 500
0.639662 0.01 5 15.0% 550
0.640146 0.01 5 15.0% 600
0.641050 0.01 5 15.0% 650
0.642078 0.01 5 15.0% 700
0.643248 0.01 5 15.0% 750
0.644291 0.01 5 15.0% 800
0.645173 0.01 5 15.0% 850
0.646188 0.01 5 15.0% 900
0.647057 0.01 5 15.0% 950
0.647887 0.01 5 15.0% 1000
0.636073 0.01 5 17.0% 450
0.635898 0.01 5 17.0% 500
0.636089 0.01 5 17.0% 550
0.636581 0.01 5 17.0% 600
0.637377 0.01 5 17.0% 650
0.638023 0.01 5 17.0% 700
0.638855 0.01 5 17.0% 750
0.639055 0.01 5 17.0% 800
0.639763 0.01 5 17.0% 850
0.640615 0.01 5 17.0% 900
0.640970 0.01 5 17.0% 950
0.641520 0.01 5 17.0% 1000
0.631432 0.01 5 19.0% 450
0.631712 0.01 5 19.0% 500
0.632238 0.01 5 19.0% 550
0.633174 0.01 5 19.0% 600
0.633952 0.01 5 19.0% 650
0.634512 0.01 5 19.0% 700
0.634776 0.01 5 19.0% 750
0.635285 0.01 5 19.0% 800
0.635943 0.01 5 19.0% 850
0.636475 0.01 5 19.0% 900
0.636745 0.01 5 19.0% 950
0.637245 0.01 5 19.0% 1000
0.676344 0.06 2 5.0% 450
0.678228 0.06 2 5.0% 500
0.680341 0.06 2 5.0% 550
0.685502 0.06 2 5.0% 600
0.689508 0.06 2 5.0% 650
0.692362 0.06 2 5.0% 700
0.694151 0.06 2 5.0% 750
0.695850 0.06 2 5.0% 800
0.698222 0.06 2 5.0% 850
0.699573 0.06 2 5.0% 900
0.700670 0.06 2 5.0% 950
0.701978 0.06 2 5.0% 1000
0.680043 0.06 2 7.0% 450
0.682346 0.06 2 7.0% 500
0.684955 0.06 2 7.0% 550
0.688117 0.06 2 7.0% 600
0.691003 0.06 2 7.0% 650
0.693089 0.06 2 7.0% 700
0.694094 0.06 2 7.0% 750
0.695443 0.06 2 7.0% 800
0.696946 0.06 2 7.0% 850
0.698181 0.06 2 7.0% 900
0.699137 0.06 2 7.0% 950
0.699650 0.06 2 7.0% 1000
0.668614 0.06 2 9.0% 450
0.670456 0.06 2 9.0% 500
0.672690 0.06 2 9.0% 550
0.674856 0.06 2 9.0% 600
0.676663 0.06 2 9.0% 650
0.678329 0.06 2 9.0% 700
0.679156 0.06 2 9.0% 750
0.680083 0.06 2 9.0% 800
0.680816 0.06 2 9.0% 850
0.681851 0.06 2 9.0% 900
0.682601 0.06 2 9.0% 950
0.682844 0.06 2 9.0% 1000
0.655566 0.06 2 11.0% 450
0.658948 0.06 2 11.0% 500
0.660548 0.06 2 11.0% 550
0.662024 0.06 2 11.0% 600
0.663824 0.06 2 11.0% 650
0.665400 0.06 2 11.0% 700
0.666597 0.06 2 11.0% 750
0.667632 0.06 2 11.0% 800
0.668660 0.06 2 11.0% 850
0.669522 0.06 2 11.0% 900
0.670112 0.06 2 11.0% 950
0.670854 0.06 2 11.0% 1000
0.653859 0.06 2 13.0% 450
0.656788 0.06 2 13.0% 500
0.658665 0.06 2 13.0% 550
0.660850 0.06 2 13.0% 600
0.662529 0.06 2 13.0% 650
0.664103 0.06 2 13.0% 700
0.664842 0.06 2 13.0% 750
0.665434 0.06 2 13.0% 800
0.666320 0.06 2 13.0% 850
0.667328 0.06 2 13.0% 900
0.668222 0.06 2 13.0% 950
0.668386 0.06 2 13.0% 1000
0.651697 0.06 2 15.0% 450
0.654523 0.06 2 15.0% 500
0.656169 0.06 2 15.0% 550
0.657897 0.06 2 15.0% 600
0.659754 0.06 2 15.0% 650
0.661126 0.06 2 15.0% 700
0.661829 0.06 2 15.0% 750
0.662994 0.06 2 15.0% 800
0.663890 0.06 2 15.0% 850
0.665002 0.06 2 15.0% 900
0.665954 0.06 2 15.0% 950
0.666326 0.06 2 15.0% 1000
0.646326 0.06 2 17.0% 450
0.648336 0.06 2 17.0% 500
0.649568 0.06 2 17.0% 550
0.651006 0.06 2 17.0% 600
0.652692 0.06 2 17.0% 650
0.653896 0.06 2 17.0% 700
0.654980 0.06 2 17.0% 750
0.655659 0.06 2 17.0% 800
0.656308 0.06 2 17.0% 850
0.657151 0.06 2 17.0% 900
0.657768 0.06 2 17.0% 950
0.658236 0.06 2 17.0% 1000
0.642894 0.06 2 19.0% 450
0.643427 0.06 2 19.0% 500
0.644141 0.06 2 19.0% 550
0.644934 0.06 2 19.0% 600
0.646065 0.06 2 19.0% 650
0.646972 0.06 2 19.0% 700
0.647818 0.06 2 19.0% 750
0.648695 0.06 2 19.0% 800
0.649255 0.06 2 19.0% 850
0.649875 0.06 2 19.0% 900
0.650371 0.06 2 19.0% 950
0.651004 0.06 2 19.0% 1000
0.701687 0.06 3 5.0% 450
0.703995 0.06 3 5.0% 500
0.705439 0.06 3 5.0% 550
0.706582 0.06 3 5.0% 600
0.707501 0.06 3 5.0% 650
0.708780 0.06 3 5.0% 700
0.709547 0.06 3 5.0% 750
0.710274 0.06 3 5.0% 800
0.710428 0.06 3 5.0% 850
0.710635 0.06 3 5.0% 900
0.711082 0.06 3 5.0% 950
0.711491 0.06 3 5.0% 1000
0.698995 0.06 3 7.0% 450
0.700544 0.06 3 7.0% 500
0.702461 0.06 3 7.0% 550
0.703496 0.06 3 7.0% 600
0.704735 0.06 3 7.0% 650
0.705491 0.06 3 7.0% 700
0.706303 0.06 3 7.0% 750
0.706954 0.06 3 7.0% 800
0.707415 0.06 3 7.0% 850
0.707642 0.06 3 7.0% 900
0.707710 0.06 3 7.0% 950
0.708155 0.06 3 7.0% 1000
0.681752 0.06 3 9.0% 450
0.681941 0.06 3 9.0% 500
0.682680 0.06 3 9.0% 550
0.683275 0.06 3 9.0% 600
0.683876 0.06 3 9.0% 650
0.684380 0.06 3 9.0% 700
0.684990 0.06 3 9.0% 750
0.685149 0.06 3 9.0% 800
0.685538 0.06 3 9.0% 850
0.686138 0.06 3 9.0% 900
0.686187 0.06 3 9.0% 950
0.686314 0.06 3 9.0% 1000
0.667524 0.06 3 11.0% 450
0.668419 0.06 3 11.0% 500
0.668933 0.06 3 11.0% 550
0.669761 0.06 3 11.0% 600
0.670492 0.06 3 11.0% 650
0.670935 0.06 3 11.0% 700
0.671684 0.06 3 11.0% 750
0.671945 0.06 3 11.0% 800
0.672510 0.06 3 11.0% 850
0.672968 0.06 3 11.0% 900
0.673302 0.06 3 11.0% 950
0.673238 0.06 3 11.0% 1000
0.666380 0.06 3 13.0% 450
0.667194 0.06 3 13.0% 500
0.667793 0.06 3 13.0% 550
0.668623 0.06 3 13.0% 600
0.669306 0.06 3 13.0% 650
0.669578 0.06 3 13.0% 700
0.670165 0.06 3 13.0% 750
0.670429 0.06 3 13.0% 800
0.670922 0.06 3 13.0% 850
0.671169 0.06 3 13.0% 900
0.671377 0.06 3 13.0% 950
0.671540 0.06 3 13.0% 1000
0.661040 0.06 3 15.0% 450
0.662279 0.06 3 15.0% 500
0.663112 0.06 3 15.0% 550
0.663963 0.06 3 15.0% 600
0.665079 0.06 3 15.0% 650
0.665773 0.06 3 15.0% 700
0.666696 0.06 3 15.0% 750
0.666988 0.06 3 15.0% 800
0.667783 0.06 3 15.0% 850
0.667903 0.06 3 15.0% 900
0.668194 0.06 3 15.0% 950
0.668356 0.06 3 15.0% 1000
0.651717 0.06 3 17.0% 450
0.652589 0.06 3 17.0% 500
0.653317 0.06 3 17.0% 550
0.653967 0.06 3 17.0% 600
0.655458 0.06 3 17.0% 650
0.656088 0.06 3 17.0% 700
0.656959 0.06 3 17.0% 750
0.657233 0.06 3 17.0% 800
0.657612 0.06 3 17.0% 850
0.657819 0.06 3 17.0% 900
0.658146 0.06 3 17.0% 950
0.658400 0.06 3 17.0% 1000
0.644899 0.06 3 19.0% 450
0.645565 0.06 3 19.0% 500
0.646137 0.06 3 19.0% 550
0.646889 0.06 3 19.0% 600
0.647829 0.06 3 19.0% 650
0.648627 0.06 3 19.0% 700
0.649105 0.06 3 19.0% 750
0.649609 0.06 3 19.0% 800
0.650100 0.06 3 19.0% 850
0.650479 0.06 3 19.0% 900
0.650870 0.06 3 19.0% 950
0.651220 0.06 3 19.0% 1000
0.709795 0.06 4 5.0% 450
0.710515 0.06 4 5.0% 500
0.711154 0.06 4 5.0% 550
0.711802 0.06 4 5.0% 600
0.712404 0.06 4 5.0% 650
0.712623 0.06 4 5.0% 700
0.712949 0.06 4 5.0% 750
0.713120 0.06 4 5.0% 800
0.713236 0.06 4 5.0% 850
0.713341 0.06 4 5.0% 900
0.713571 0.06 4 5.0% 950
0.713844 0.06 4 5.0% 1000
0.707243 0.06 4 7.0% 450
0.707491 0.06 4 7.0% 500
0.707835 0.06 4 7.0% 550
0.708192 0.06 4 7.0% 600
0.708891 0.06 4 7.0% 650
0.709169 0.06 4 7.0% 700
0.709592 0.06 4 7.0% 750
0.709697 0.06 4 7.0% 800
0.709892 0.06 4 7.0% 850
0.710133 0.06 4 7.0% 900
0.710348 0.06 4 7.0% 950
0.710607 0.06 4 7.0% 1000
0.684405 0.06 4 9.0% 450
0.684960 0.06 4 9.0% 500
0.685260 0.06 4 9.0% 550
0.685716 0.06 4 9.0% 600
0.686236 0.06 4 9.0% 650
0.686714 0.06 4 9.0% 700
0.686827 0.06 4 9.0% 750
0.687110 0.06 4 9.0% 800
0.687460 0.06 4 9.0% 850
0.687626 0.06 4 9.0% 900
0.687654 0.06 4 9.0% 950
0.687693 0.06 4 9.0% 1000
0.670643 0.06 4 11.0% 450
0.671435 0.06 4 11.0% 500
0.671695 0.06 4 11.0% 550
0.672504 0.06 4 11.0% 600
0.672800 0.06 4 11.0% 650
0.673158 0.06 4 11.0% 700
0.673804 0.06 4 11.0% 750
0.674269 0.06 4 11.0% 800
0.674641 0.06 4 11.0% 850
0.674852 0.06 4 11.0% 900
0.674938 0.06 4 11.0% 950
0.674956 0.06 4 11.0% 1000
0.668158 0.06 4 13.0% 450
0.669100 0.06 4 13.0% 500
0.669770 0.06 4 13.0% 550
0.670159 0.06 4 13.0% 600
0.670455 0.06 4 13.0% 650
0.670701 0.06 4 13.0% 700
0.671164 0.06 4 13.0% 750
0.671092 0.06 4 13.0% 800
0.671713 0.06 4 13.0% 850
0.671832 0.06 4 13.0% 900
0.672196 0.06 4 13.0% 950
0.672480 0.06 4 13.0% 1000
0.661946 0.06 4 15.0% 450
0.663185 0.06 4 15.0% 500
0.663789 0.06 4 15.0% 550
0.664574 0.06 4 15.0% 600
0.665923 0.06 4 15.0% 650
0.666492 0.06 4 15.0% 700
0.667072 0.06 4 15.0% 750
0.667310 0.06 4 15.0% 800
0.667738 0.06 4 15.0% 850
0.667989 0.06 4 15.0% 900
0.668227 0.06 4 15.0% 950
0.668597 0.06 4 15.0% 1000
0.651718 0.06 4 17.0% 450
0.652725 0.06 4 17.0% 500
0.653461 0.06 4 17.0% 550
0.654229 0.06 4 17.0% 600
0.655510 0.06 4 17.0% 650
0.656073 0.06 4 17.0% 700
0.656822 0.06 4 17.0% 750
0.657006 0.06 4 17.0% 800
0.657409 0.06 4 17.0% 850
0.657848 0.06 4 17.0% 900
0.658123 0.06 4 17.0% 950
0.658376 0.06 4 17.0% 1000
0.644899 0.06 4 19.0% 450
0.645565 0.06 4 19.0% 500
0.646137 0.06 4 19.0% 550
0.646889 0.06 4 19.0% 600
0.647849 0.06 4 19.0% 650
0.648724 0.06 4 19.0% 700
0.649195 0.06 4 19.0% 750
0.649555 0.06 4 19.0% 800
0.650073 0.06 4 19.0% 850
0.650438 0.06 4 19.0% 900
0.650837 0.06 4 19.0% 950
0.651208 0.06 4 19.0% 1000
0.713084 0.06 5 5.0% 450
0.713305 0.06 5 5.0% 500
0.713602 0.06 5 5.0% 550
0.714261 0.06 5 5.0% 600
0.714440 0.06 5 5.0% 650
0.714545 0.06 5 5.0% 700
0.714864 0.06 5 5.0% 750
0.714858 0.06 5 5.0% 800
0.714938 0.06 5 5.0% 850
0.715034 0.06 5 5.0% 900
0.715347 0.06 5 5.0% 950
0.715422 0.06 5 5.0% 1000
0.707970 0.06 5 7.0% 450
0.708614 0.06 5 7.0% 500
0.709076 0.06 5 7.0% 550
0.709496 0.06 5 7.0% 600
0.709808 0.06 5 7.0% 650
0.709716 0.06 5 7.0% 700
0.709879 0.06 5 7.0% 750
0.710172 0.06 5 7.0% 800
0.710489 0.06 5 7.0% 850
0.710475 0.06 5 7.0% 900
0.710745 0.06 5 7.0% 950
0.711036 0.06 5 7.0% 1000
0.686447 0.06 5 9.0% 450
0.686663 0.06 5 9.0% 500
0.686964 0.06 5 9.0% 550
0.687276 0.06 5 9.0% 600
0.687664 0.06 5 9.0% 650
0.688274 0.06 5 9.0% 700
0.688599 0.06 5 9.0% 750
0.688692 0.06 5 9.0% 800
0.688815 0.06 5 9.0% 850
0.689145 0.06 5 9.0% 900
0.689314 0.06 5 9.0% 950
0.689331 0.06 5 9.0% 1000
0.672473 0.06 5 11.0% 450
0.673144 0.06 5 11.0% 500
0.673584 0.06 5 11.0% 550
0.674142 0.06 5 11.0% 600
0.674660 0.06 5 11.0% 650
0.674978 0.06 5 11.0% 700
0.675277 0.06 5 11.0% 750
0.675582 0.06 5 11.0% 800
0.676066 0.06 5 11.0% 850
0.676173 0.06 5 11.0% 900
0.676350 0.06 5 11.0% 950
0.676505 0.06 5 11.0% 1000
0.668661 0.06 5 13.0% 450
0.669820 0.06 5 13.0% 500
0.670287 0.06 5 13.0% 550
0.670797 0.06 5 13.0% 600
0.671417 0.06 5 13.0% 650
0.671801 0.06 5 13.0% 700
0.672101 0.06 5 13.0% 750
0.672104 0.06 5 13.0% 800
0.672558 0.06 5 13.0% 850
0.672620 0.06 5 13.0% 900
0.672828 0.06 5 13.0% 950
0.672971 0.06 5 13.0% 1000
0.662086 0.06 5 15.0% 450
0.663083 0.06 5 15.0% 500
0.663721 0.06 5 15.0% 550
0.664669 0.06 5 15.0% 600
0.665845 0.06 5 15.0% 650
0.666259 0.06 5 15.0% 700
0.666951 0.06 5 15.0% 750
0.667277 0.06 5 15.0% 800
0.667798 0.06 5 15.0% 850
0.668040 0.06 5 15.0% 900
0.668360 0.06 5 15.0% 950
0.668669 0.06 5 15.0% 1000
0.651718 0.06 5 17.0% 450
0.652725 0.06 5 17.0% 500
0.653461 0.06 5 17.0% 550
0.654229 0.06 5 17.0% 600
0.655510 0.06 5 17.0% 650
0.656073 0.06 5 17.0% 700
0.656822 0.06 5 17.0% 750
0.657006 0.06 5 17.0% 800
0.657409 0.06 5 17.0% 850
0.657848 0.06 5 17.0% 900
0.658123 0.06 5 17.0% 950
0.658376 0.06 5 17.0% 1000
0.644899 0.06 5 19.0% 450
0.645565 0.06 5 19.0% 500
0.646137 0.06 5 19.0% 550
0.646889 0.06 5 19.0% 600
0.647849 0.06 5 19.0% 650
0.648724 0.06 5 19.0% 700
0.649195 0.06 5 19.0% 750
0.649555 0.06 5 19.0% 800
0.650073 0.06 5 19.0% 850
0.650438 0.06 5 19.0% 900
0.650837 0.06 5 19.0% 950
0.651208 0.06 5 19.0% 1000
0.696076 0.11 2 5.0% 450
0.698920 0.11 2 5.0% 500
0.700285 0.11 2 5.0% 550
0.701579 0.11 2 5.0% 600
0.703743 0.11 2 5.0% 650
0.704586 0.11 2 5.0% 700
0.705583 0.11 2 5.0% 750
0.706484 0.11 2 5.0% 800
0.707407 0.11 2 5.0% 850
0.707731 0.11 2 5.0% 900
0.708432 0.11 2 5.0% 950
0.708544 0.11 2 5.0% 1000
0.695869 0.11 2 7.0% 450
0.698214 0.11 2 7.0% 500
0.700174 0.11 2 7.0% 550
0.701261 0.11 2 7.0% 600
0.702357 0.11 2 7.0% 650
0.703057 0.11 2 7.0% 700
0.703570 0.11 2 7.0% 750
0.704401 0.11 2 7.0% 800
0.704936 0.11 2 7.0% 850
0.705527 0.11 2 7.0% 900
0.706034 0.11 2 7.0% 950
0.706157 0.11 2 7.0% 1000
0.679684 0.11 2 9.0% 450
0.680363 0.11 2 9.0% 500
0.680760 0.11 2 9.0% 550
0.681938 0.11 2 9.0% 600
0.682635 0.11 2 9.0% 650
0.684021 0.11 2 9.0% 700
0.684526 0.11 2 9.0% 750
0.685062 0.11 2 9.0% 800
0.685428 0.11 2 9.0% 850
0.685832 0.11 2 9.0% 900
0.686252 0.11 2 9.0% 950
0.686221 0.11 2 9.0% 1000
0.667373 0.11 2 11.0% 450
0.668021 0.11 2 11.0% 500
0.668273 0.11 2 11.0% 550
0.669134 0.11 2 11.0% 600
0.670092 0.11 2 11.0% 650
0.670787 0.11 2 11.0% 700
0.671314 0.11 2 11.0% 750
0.671790 0.11 2 11.0% 800
0.672600 0.11 2 11.0% 850
0.673103 0.11 2 11.0% 900
0.673629 0.11 2 11.0% 950
0.673737 0.11 2 11.0% 1000
0.665974 0.11 2 13.0% 450
0.667331 0.11 2 13.0% 500
0.667744 0.11 2 13.0% 550
0.668457 0.11 2 13.0% 600
0.669128 0.11 2 13.0% 650
0.669747 0.11 2 13.0% 700
0.670427 0.11 2 13.0% 750
0.670446 0.11 2 13.0% 800
0.671144 0.11 2 13.0% 850
0.671425 0.11 2 13.0% 900
0.672156 0.11 2 13.0% 950
0.672092 0.11 2 13.0% 1000
0.662243 0.11 2 15.0% 450
0.664135 0.11 2 15.0% 500
0.664414 0.11 2 15.0% 550
0.665404 0.11 2 15.0% 600
0.666595 0.11 2 15.0% 650
0.667449 0.11 2 15.0% 700
0.668007 0.11 2 15.0% 750
0.668235 0.11 2 15.0% 800
0.668713 0.11 2 15.0% 850
0.669253 0.11 2 15.0% 900
0.669940 0.11 2 15.0% 950
0.670228 0.11 2 15.0% 1000
0.655538 0.11 2 17.0% 450
0.656752 0.11 2 17.0% 500
0.657242 0.11 2 17.0% 550
0.657977 0.11 2 17.0% 600
0.658853 0.11 2 17.0% 650
0.659563 0.11 2 17.0% 700
0.659991 0.11 2 17.0% 750
0.660430 0.11 2 17.0% 800
0.660817 0.11 2 17.0% 850
0.661422 0.11 2 17.0% 900
0.661941 0.11 2 17.0% 950
0.661836 0.11 2 17.0% 1000
0.649090 0.11 2 19.0% 450
0.649851 0.11 2 19.0% 500
0.650294 0.11 2 19.0% 550
0.650876 0.11 2 19.0% 600
0.651793 0.11 2 19.0% 650
0.652271 0.11 2 19.0% 700
0.652654 0.11 2 19.0% 750
0.652873 0.11 2 19.0% 800
0.653340 0.11 2 19.0% 850
0.653655 0.11 2 19.0% 900
0.654143 0.11 2 19.0% 950
0.654268 0.11 2 19.0% 1000
0.710479 0.11 3 5.0% 450
0.710950 0.11 3 5.0% 500
0.711180 0.11 3 5.0% 550
0.711649 0.11 3 5.0% 600
0.712172 0.11 3 5.0% 650
0.712485 0.11 3 5.0% 700
0.712758 0.11 3 5.0% 750
0.712829 0.11 3 5.0% 800
0.713070 0.11 3 5.0% 850
0.713209 0.11 3 5.0% 900
0.713384 0.11 3 5.0% 950
0.713462 0.11 3 5.0% 1000
0.706344 0.11 3 7.0% 450
0.706487 0.11 3 7.0% 500
0.706722 0.11 3 7.0% 550
0.707218 0.11 3 7.0% 600
0.707677 0.11 3 7.0% 650
0.707715 0.11 3 7.0% 700
0.708319 0.11 3 7.0% 750
0.708474 0.11 3 7.0% 800
0.708841 0.11 3 7.0% 850
0.709107 0.11 3 7.0% 900
0.709189 0.11 3 7.0% 950
0.709278 0.11 3 7.0% 1000
0.686844 0.11 3 9.0% 450
0.687134 0.11 3 9.0% 500
0.687187 0.11 3 9.0% 550
0.687294 0.11 3 9.0% 600
0.687774 0.11 3 9.0% 650
0.688472 0.11 3 9.0% 700
0.689055 0.11 3 9.0% 750
0.689312 0.11 3 9.0% 800
0.689251 0.11 3 9.0% 850
0.689394 0.11 3 9.0% 900
0.689272 0.11 3 9.0% 950
0.689195 0.11 3 9.0% 1000
0.673019 0.11 3 11.0% 450
0.673390 0.11 3 11.0% 500
0.673561 0.11 3 11.0% 550
0.673963 0.11 3 11.0% 600
0.674049 0.11 3 11.0% 650
0.674521 0.11 3 11.0% 700
0.675212 0.11 3 11.0% 750
0.675227 0.11 3 11.0% 800
0.675384 0.11 3 11.0% 850
0.675381 0.11 3 11.0% 900
0.675747 0.11 3 11.0% 950
0.676087 0.11 3 11.0% 1000
0.670040 0.11 3 13.0% 450
0.670851 0.11 3 13.0% 500
0.671086 0.11 3 13.0% 550
0.671366 0.11 3 13.0% 600
0.671931 0.11 3 13.0% 650
0.672064 0.11 3 13.0% 700
0.672502 0.11 3 13.0% 750
0.672275 0.11 3 13.0% 800
0.672700 0.11 3 13.0% 850
0.672729 0.11 3 13.0% 900
0.672840 0.11 3 13.0% 950
0.672996 0.11 3 13.0% 1000
0.666799 0.11 3 15.0% 450
0.667532 0.11 3 15.0% 500
0.668022 0.11 3 15.0% 550
0.668297 0.11 3 15.0% 600
0.668695 0.11 3 15.0% 650
0.669232 0.11 3 15.0% 700
0.669669 0.11 3 15.0% 750
0.669596 0.11 3 15.0% 800
0.669890 0.11 3 15.0% 850
0.670016 0.11 3 15.0% 900
0.670227 0.11 3 15.0% 950
0.670366 0.11 3 15.0% 1000
0.656196 0.11 3 17.0% 450
0.656776 0.11 3 17.0% 500
0.656886 0.11 3 17.0% 550
0.658018 0.11 3 17.0% 600
0.659010 0.11 3 17.0% 650
0.659315 0.11 3 17.0% 700
0.659784 0.11 3 17.0% 750
0.659877 0.11 3 17.0% 800
0.660139 0.11 3 17.0% 850
0.660356 0.11 3 17.0% 900
0.660579 0.11 3 17.0% 950
0.660798 0.11 3 17.0% 1000
0.650577 0.11 3 19.0% 450
0.650981 0.11 3 19.0% 500
0.651540 0.11 3 19.0% 550
0.652075 0.11 3 19.0% 600
0.652761 0.11 3 19.0% 650
0.653112 0.11 3 19.0% 700
0.653314 0.11 3 19.0% 750
0.653353 0.11 3 19.0% 800
0.653661 0.11 3 19.0% 850
0.653392 0.11 3 19.0% 900
0.653836 0.11 3 19.0% 950
0.654081 0.11 3 19.0% 1000
0.713019 0.11 4 5.0% 450
0.713600 0.11 4 5.0% 500
0.714015 0.11 4 5.0% 550
0.713946 0.11 4 5.0% 600
0.714031 0.11 4 5.0% 650
0.714378 0.11 4 5.0% 700
0.714326 0.11 4 5.0% 750
0.714480 0.11 4 5.0% 800
0.714668 0.11 4 5.0% 850
0.714778 0.11 4 5.0% 900
0.714771 0.11 4 5.0% 950
0.714819 0.11 4 5.0% 1000
0.708953 0.11 4 7.0% 450
0.709685 0.11 4 7.0% 500
0.709759 0.11 4 7.0% 550
0.709900 0.11 4 7.0% 600
0.710491 0.11 4 7.0% 650
0.710439 0.11 4 7.0% 700
0.710888 0.11 4 7.0% 750
0.710723 0.11 4 7.0% 800
0.711069 0.11 4 7.0% 850
0.711177 0.11 4 7.0% 900
0.711313 0.11 4 7.0% 950
0.711205 0.11 4 7.0% 1000
0.686771 0.11 4 9.0% 450
0.687249 0.11 4 9.0% 500
0.687429 0.11 4 9.0% 550
0.687600 0.11 4 9.0% 600
0.688209 0.11 4 9.0% 650
0.689041 0.11 4 9.0% 700
0.689308 0.11 4 9.0% 750
0.689248 0.11 4 9.0% 800
0.689533 0.11 4 9.0% 850
0.690049 0.11 4 9.0% 900
0.690272 0.11 4 9.0% 950
0.690142 0.11 4 9.0% 1000
0.674284 0.11 4 11.0% 450
0.674517 0.11 4 11.0% 500
0.674816 0.11 4 11.0% 550
0.674965 0.11 4 11.0% 600
0.675407 0.11 4 11.0% 650
0.675875 0.11 4 11.0% 700
0.676314 0.11 4 11.0% 750
0.676156 0.11 4 11.0% 800
0.676504 0.11 4 11.0% 850
0.676678 0.11 4 11.0% 900
0.677048 0.11 4 11.0% 950
0.677130 0.11 4 11.0% 1000
0.670341 0.11 4 13.0% 450
0.671378 0.11 4 13.0% 500
0.671608 0.11 4 13.0% 550
0.672160 0.11 4 13.0% 600
0.672516 0.11 4 13.0% 650
0.672817 0.11 4 13.0% 700
0.673093 0.11 4 13.0% 750
0.672987 0.11 4 13.0% 800
0.673168 0.11 4 13.0% 850
0.673294 0.11 4 13.0% 900
0.673598 0.11 4 13.0% 950
0.673827 0.11 4 13.0% 1000
0.667826 0.11 4 15.0% 450
0.668477 0.11 4 15.0% 500
0.668328 0.11 4 15.0% 550
0.668992 0.11 4 15.0% 600
0.669182 0.11 4 15.0% 650
0.669468 0.11 4 15.0% 700
0.670176 0.11 4 15.0% 750
0.669956 0.11 4 15.0% 800
0.670133 0.11 4 15.0% 850
0.670329 0.11 4 15.0% 900
0.670478 0.11 4 15.0% 950
0.670857 0.11 4 15.0% 1000
0.656845 0.11 4 17.0% 450
0.657169 0.11 4 17.0% 500
0.657440 0.11 4 17.0% 550
0.658251 0.11 4 17.0% 600
0.658932 0.11 4 17.0% 650
0.659267 0.11 4 17.0% 700
0.659689 0.11 4 17.0% 750
0.659694 0.11 4 17.0% 800
0.660024 0.11 4 17.0% 850
0.660579 0.11 4 17.0% 900
0.660794 0.11 4 17.0% 950
0.661143 0.11 4 17.0% 1000
0.650577 0.11 4 19.0% 450
0.650981 0.11 4 19.0% 500
0.651540 0.11 4 19.0% 550
0.652075 0.11 4 19.0% 600
0.652761 0.11 4 19.0% 650
0.653112 0.11 4 19.0% 700
0.653314 0.11 4 19.0% 750
0.653353 0.11 4 19.0% 800
0.653710 0.11 4 19.0% 850
0.653448 0.11 4 19.0% 900
0.653873 0.11 4 19.0% 950
0.654196 0.11 4 19.0% 1000
0.714926 0.11 5 5.0% 450
0.715095 0.11 5 5.0% 500
0.715577 0.11 5 5.0% 550
0.715930 0.11 5 5.0% 600
0.715475 0.11 5 5.0% 650
0.715590 0.11 5 5.0% 700
0.715887 0.11 5 5.0% 750
0.716341 0.11 5 5.0% 800
0.716424 0.11 5 5.0% 850
0.716334 0.11 5 5.0% 900
0.716583 0.11 5 5.0% 950
0.716578 0.11 5 5.0% 1000
0.709973 0.11 5 7.0% 450
0.710229 0.11 5 7.0% 500
0.710259 0.11 5 7.0% 550
0.710586 0.11 5 7.0% 600
0.711002 0.11 5 7.0% 650
0.710813 0.11 5 7.0% 700
0.710820 0.11 5 7.0% 750
0.711295 0.11 5 7.0% 800
0.711549 0.11 5 7.0% 850
0.711299 0.11 5 7.0% 900
0.711550 0.11 5 7.0% 950
0.711912 0.11 5 7.0% 1000
0.687096 0.11 5 9.0% 450
0.687257 0.11 5 9.0% 500
0.687855 0.11 5 9.0% 550
0.687945 0.11 5 9.0% 600
0.687973 0.11 5 9.0% 650
0.688841 0.11 5 9.0% 700
0.688734 0.11 5 9.0% 750
0.689049 0.11 5 9.0% 800
0.688895 0.11 5 9.0% 850
0.688978 0.11 5 9.0% 900
0.689168 0.11 5 9.0% 950
0.689685 0.11 5 9.0% 1000
0.674578 0.11 5 11.0% 450
0.675234 0.11 5 11.0% 500
0.675447 0.11 5 11.0% 550
0.675441 0.11 5 11.0% 600
0.675768 0.11 5 11.0% 650
0.676423 0.11 5 11.0% 700
0.677164 0.11 5 11.0% 750
0.677151 0.11 5 11.0% 800
0.677362 0.11 5 11.0% 850
0.677581 0.11 5 11.0% 900
0.677527 0.11 5 11.0% 950
0.677690 0.11 5 11.0% 1000
0.670925 0.11 5 13.0% 450
0.671226 0.11 5 13.0% 500
0.671712 0.11 5 13.0% 550
0.672421 0.11 5 13.0% 600
0.672735 0.11 5 13.0% 650
0.673060 0.11 5 13.0% 700
0.673637 0.11 5 13.0% 750
0.673556 0.11 5 13.0% 800
0.673639 0.11 5 13.0% 850
0.673974 0.11 5 13.0% 900
0.674097 0.11 5 13.0% 950
0.674283 0.11 5 13.0% 1000
0.667813 0.11 5 15.0% 450
0.668546 0.11 5 15.0% 500
0.668584 0.11 5 15.0% 550
0.669029 0.11 5 15.0% 600
0.669039 0.11 5 15.0% 650
0.669466 0.11 5 15.0% 700
0.670052 0.11 5 15.0% 750
0.670184 0.11 5 15.0% 800
0.670294 0.11 5 15.0% 850
0.670297 0.11 5 15.0% 900
0.670256 0.11 5 15.0% 950
0.670421 0.11 5 15.0% 1000
0.656845 0.11 5 17.0% 450
0.657169 0.11 5 17.0% 500
0.657440 0.11 5 17.0% 550
0.658251 0.11 5 17.0% 600
0.658932 0.11 5 17.0% 650
0.659267 0.11 5 17.0% 700
0.659689 0.11 5 17.0% 750
0.659694 0.11 5 17.0% 800
0.660024 0.11 5 17.0% 850
0.660579 0.11 5 17.0% 900
0.660794 0.11 5 17.0% 950
0.661143 0.11 5 17.0% 1000
0.650577 0.11 5 19.0% 450
0.650981 0.11 5 19.0% 500
0.651540 0.11 5 19.0% 550
0.652075 0.11 5 19.0% 600
0.652761 0.11 5 19.0% 650
0.653112 0.11 5 19.0% 700
0.653314 0.11 5 19.0% 750
0.653353 0.11 5 19.0% 800
0.653710 0.11 5 19.0% 850
0.653448 0.11 5 19.0% 900
0.653873 0.11 5 19.0% 950
0.654196 0.11 5 19.0% 1000
0.704921 0.16 2 5.0% 450
0.706154 0.16 2 5.0% 500
0.707401 0.16 2 5.0% 550
0.708459 0.16 2 5.0% 600
0.709044 0.16 2 5.0% 650
0.709416 0.16 2 5.0% 700
0.710095 0.16 2 5.0% 750
0.710538 0.16 2 5.0% 800
0.711038 0.16 2 5.0% 850
0.710795 0.16 2 5.0% 900
0.711142 0.16 2 5.0% 950
0.710791 0.16 2 5.0% 1000
0.703100 0.16 2 7.0% 450
0.703449 0.16 2 7.0% 500
0.704372 0.16 2 7.0% 550
0.705092 0.16 2 7.0% 600
0.705874 0.16 2 7.0% 650
0.706060 0.16 2 7.0% 700
0.706628 0.16 2 7.0% 750
0.706698 0.16 2 7.0% 800
0.707072 0.16 2 7.0% 850
0.707094 0.16 2 7.0% 900
0.707553 0.16 2 7.0% 950
0.707508 0.16 2 7.0% 1000
0.682108 0.16 2 9.0% 450
0.682604 0.16 2 9.0% 500
0.683095 0.16 2 9.0% 550
0.683803 0.16 2 9.0% 600
0.684105 0.16 2 9.0% 650
0.685122 0.16 2 9.0% 700
0.685267 0.16 2 9.0% 750
0.685608 0.16 2 9.0% 800
0.686414 0.16 2 9.0% 850
0.686621 0.16 2 9.0% 900
0.687225 0.16 2 9.0% 950
0.687776 0.16 2 9.0% 1000
0.670843 0.16 2 11.0% 450
0.671252 0.16 2 11.0% 500
0.671384 0.16 2 11.0% 550
0.672346 0.16 2 11.0% 600
0.673289 0.16 2 11.0% 650
0.673642 0.16 2 11.0% 700
0.674057 0.16 2 11.0% 750
0.673734 0.16 2 11.0% 800
0.674191 0.16 2 11.0% 850
0.674336 0.16 2 11.0% 900
0.675051 0.16 2 11.0% 950
0.674633 0.16 2 11.0% 1000
0.669252 0.16 2 13.0% 450
0.670211 0.16 2 13.0% 500
0.670129 0.16 2 13.0% 550
0.671003 0.16 2 13.0% 600
0.671813 0.16 2 13.0% 650
0.672213 0.16 2 13.0% 700
0.672497 0.16 2 13.0% 750
0.672235 0.16 2 13.0% 800
0.673136 0.16 2 13.0% 850
0.672848 0.16 2 13.0% 900
0.673613 0.16 2 13.0% 950
0.673448 0.16 2 13.0% 1000
0.667847 0.16 2 15.0% 450
0.668742 0.16 2 15.0% 500
0.668437 0.16 2 15.0% 550
0.669202 0.16 2 15.0% 600
0.669830 0.16 2 15.0% 650
0.670608 0.16 2 15.0% 700
0.671101 0.16 2 15.0% 750
0.670963 0.16 2 15.0% 800
0.671253 0.16 2 15.0% 850
0.671511 0.16 2 15.0% 900
0.672025 0.16 2 15.0% 950
0.672039 0.16 2 15.0% 1000
0.659510 0.16 2 17.0% 450
0.659818 0.16 2 17.0% 500
0.659873 0.16 2 17.0% 550
0.661013 0.16 2 17.0% 600
0.661737 0.16 2 17.0% 650
0.662027 0.16 2 17.0% 700
0.662181 0.16 2 17.0% 750
0.662319 0.16 2 17.0% 800
0.662539 0.16 2 17.0% 850
0.662671 0.16 2 17.0% 900
0.663146 0.16 2 17.0% 950
0.662972 0.16 2 17.0% 1000
0.652270 0.16 2 19.0% 450
0.652768 0.16 2 19.0% 500
0.652855 0.16 2 19.0% 550
0.653218 0.16 2 19.0% 600
0.653687 0.16 2 19.0% 650
0.654067 0.16 2 19.0% 700
0.654238 0.16 2 19.0% 750
0.654083 0.16 2 19.0% 800
0.654411 0.16 2 19.0% 850
0.654750 0.16 2 19.0% 900
0.654969 0.16 2 19.0% 950
0.654868 0.16 2 19.0% 1000
0.711837 0.16 3 5.0% 450
0.711826 0.16 3 5.0% 500
0.711944 0.16 3 5.0% 550
0.712213 0.16 3 5.0% 600
0.712601 0.16 3 5.0% 650
0.712491 0.16 3 5.0% 700
0.712759 0.16 3 5.0% 750
0.712423 0.16 3 5.0% 800
0.712580 0.16 3 5.0% 850
0.712269 0.16 3 5.0% 900
0.712262 0.16 3 5.0% 950
0.712541 0.16 3 5.0% 1000
0.707901 0.16 3 7.0% 450
0.708085 0.16 3 7.0% 500
0.708491 0.16 3 7.0% 550
0.709016 0.16 3 7.0% 600
0.709342 0.16 3 7.0% 650
0.708948 0.16 3 7.0% 700
0.709329 0.16 3 7.0% 750
0.709612 0.16 3 7.0% 800
0.710179 0.16 3 7.0% 850
0.710113 0.16 3 7.0% 900
0.710147 0.16 3 7.0% 950
0.709592 0.16 3 7.0% 1000
0.686771 0.16 3 9.0% 450
0.686414 0.16 3 9.0% 500
0.686192 0.16 3 9.0% 550
0.685970 0.16 3 9.0% 600
0.686253 0.16 3 9.0% 650
0.687326 0.16 3 9.0% 700
0.688175 0.16 3 9.0% 750
0.688083 0.16 3 9.0% 800
0.688069 0.16 3 9.0% 850
0.688061 0.16 3 9.0% 900
0.688060 0.16 3 9.0% 950
0.688077 0.16 3 9.0% 1000
0.674007 0.16 3 11.0% 450
0.674687 0.16 3 11.0% 500
0.674783 0.16 3 11.0% 550
0.675232 0.16 3 11.0% 600
0.675477 0.16 3 11.0% 650
0.675769 0.16 3 11.0% 700
0.676064 0.16 3 11.0% 750
0.675951 0.16 3 11.0% 800
0.676205 0.16 3 11.0% 850
0.675714 0.16 3 11.0% 900
0.676039 0.16 3 11.0% 950
0.676137 0.16 3 11.0% 1000
0.671257 0.16 3 13.0% 450
0.671617 0.16 3 13.0% 500
0.671617 0.16 3 13.0% 550
0.671426 0.16 3 13.0% 600
0.672224 0.16 3 13.0% 650
0.672516 0.16 3 13.0% 700
0.673423 0.16 3 13.0% 750
0.673247 0.16 3 13.0% 800
0.672832 0.16 3 13.0% 850
0.672608 0.16 3 13.0% 900
0.673025 0.16 3 13.0% 950
0.673031 0.16 3 13.0% 1000
0.668167 0.16 3 15.0% 450
0.668614 0.16 3 15.0% 500
0.668390 0.16 3 15.0% 550
0.668781 0.16 3 15.0% 600
0.669039 0.16 3 15.0% 650
0.669338 0.16 3 15.0% 700
0.670224 0.16 3 15.0% 750
0.670173 0.16 3 15.0% 800
0.670462 0.16 3 15.0% 850
0.670311 0.16 3 15.0% 900
0.670522 0.16 3 15.0% 950
0.670247 0.16 3 15.0% 1000
0.659221 0.16 3 17.0% 450
0.659736 0.16 3 17.0% 500
0.659969 0.16 3 17.0% 550
0.660667 0.16 3 17.0% 600
0.661446 0.16 3 17.0% 650
0.661689 0.16 3 17.0% 700
0.662098 0.16 3 17.0% 750
0.662216 0.16 3 17.0% 800
0.662816 0.16 3 17.0% 850
0.663037 0.16 3 17.0% 900
0.663177 0.16 3 17.0% 950
0.663198 0.16 3 17.0% 1000
0.652528 0.16 3 19.0% 450
0.652830 0.16 3 19.0% 500
0.653172 0.16 3 19.0% 550
0.653645 0.16 3 19.0% 600
0.653944 0.16 3 19.0% 650
0.654482 0.16 3 19.0% 700
0.654795 0.16 3 19.0% 750
0.654595 0.16 3 19.0% 800
0.654740 0.16 3 19.0% 850
0.654726 0.16 3 19.0% 900
0.654820 0.16 3 19.0% 950
0.655247 0.16 3 19.0% 1000
0.714247 0.16 4 5.0% 450
0.714529 0.16 4 5.0% 500
0.714360 0.16 4 5.0% 550
0.714954 0.16 4 5.0% 600
0.715067 0.16 4 5.0% 650
0.715089 0.16 4 5.0% 700
0.715316 0.16 4 5.0% 750
0.715438 0.16 4 5.0% 800
0.715458 0.16 4 5.0% 850
0.715630 0.16 4 5.0% 900
0.715638 0.16 4 5.0% 950
0.715544 0.16 4 5.0% 1000
0.710327 0.16 4 7.0% 450
0.710454 0.16 4 7.0% 500
0.710176 0.16 4 7.0% 550
0.709987 0.16 4 7.0% 600
0.710073 0.16 4 7.0% 650
0.709966 0.16 4 7.0% 700
0.710110 0.16 4 7.0% 750
0.710230 0.16 4 7.0% 800
0.710630 0.16 4 7.0% 850
0.711201 0.16 4 7.0% 900
0.711373 0.16 4 7.0% 950
0.711629 0.16 4 7.0% 1000
0.686825 0.16 4 9.0% 450
0.686631 0.16 4 9.0% 500
0.686817 0.16 4 9.0% 550
0.686769 0.16 4 9.0% 600
0.687221 0.16 4 9.0% 650
0.687719 0.16 4 9.0% 700
0.688600 0.16 4 9.0% 750
0.688110 0.16 4 9.0% 800
0.688349 0.16 4 9.0% 850
0.687998 0.16 4 9.0% 900
0.687862 0.16 4 9.0% 950
0.687771 0.16 4 9.0% 1000
0.675105 0.16 4 11.0% 450
0.675295 0.16 4 11.0% 500
0.675354 0.16 4 11.0% 550
0.675139 0.16 4 11.0% 600
0.675656 0.16 4 11.0% 650
0.675833 0.16 4 11.0% 700
0.675911 0.16 4 11.0% 750
0.675829 0.16 4 11.0% 800
0.676036 0.16 4 11.0% 850
0.676112 0.16 4 11.0% 900
0.676602 0.16 4 11.0% 950
0.676845 0.16 4 11.0% 1000
0.672408 0.16 4 13.0% 450
0.672475 0.16 4 13.0% 500
0.672528 0.16 4 13.0% 550
0.673547 0.16 4 13.0% 600
0.673887 0.16 4 13.0% 650
0.674024 0.16 4 13.0% 700
0.674354 0.16 4 13.0% 750
0.674035 0.16 4 13.0% 800
0.673717 0.16 4 13.0% 850
0.673934 0.16 4 13.0% 900
0.674219 0.16 4 13.0% 950
0.674193 0.16 4 13.0% 1000
0.668337 0.16 4 15.0% 450
0.668794 0.16 4 15.0% 500
0.668952 0.16 4 15.0% 550
0.669394 0.16 4 15.0% 600
0.669706 0.16 4 15.0% 650
0.670168 0.16 4 15.0% 700
0.670943 0.16 4 15.0% 750
0.670421 0.16 4 15.0% 800
0.670492 0.16 4 15.0% 850
0.670368 0.16 4 15.0% 900
0.670770 0.16 4 15.0% 950
0.670594 0.16 4 15.0% 1000
0.657219 0.16 4 17.0% 450
0.657265 0.16 4 17.0% 500
0.657526 0.16 4 17.0% 550
0.658170 0.16 4 17.0% 600
0.658499 0.16 4 17.0% 650
0.658963 0.16 4 17.0% 700
0.659545 0.16 4 17.0% 750
0.659451 0.16 4 17.0% 800
0.659891 0.16 4 17.0% 850
0.659961 0.16 4 17.0% 900
0.660181 0.16 4 17.0% 950
0.660777 0.16 4 17.0% 1000
0.652528 0.16 4 19.0% 450
0.652830 0.16 4 19.0% 500
0.653172 0.16 4 19.0% 550
0.653645 0.16 4 19.0% 600
0.653944 0.16 4 19.0% 650
0.654482 0.16 4 19.0% 700
0.654795 0.16 4 19.0% 750
0.654595 0.16 4 19.0% 800
0.654677 0.16 4 19.0% 850
0.654428 0.16 4 19.0% 900
0.654688 0.16 4 19.0% 950
0.654949 0.16 4 19.0% 1000
0.713709 0.16 5 5.0% 450
0.713891 0.16 5 5.0% 500
0.713726 0.16 5 5.0% 550
0.713861 0.16 5 5.0% 600
0.713783 0.16 5 5.0% 650
0.714198 0.16 5 5.0% 700
0.714332 0.16 5 5.0% 750
0.714292 0.16 5 5.0% 800
0.714622 0.16 5 5.0% 850
0.714284 0.16 5 5.0% 900
0.715159 0.16 5 5.0% 950
0.715517 0.16 5 5.0% 1000
0.710344 0.16 5 7.0% 450
0.710597 0.16 5 7.0% 500
0.710396 0.16 5 7.0% 550
0.710687 0.16 5 7.0% 600
0.711131 0.16 5 7.0% 650
0.711259 0.16 5 7.0% 700
0.711459 0.16 5 7.0% 750
0.711580 0.16 5 7.0% 800
0.711902 0.16 5 7.0% 850
0.712223 0.16 5 7.0% 900
0.712370 0.16 5 7.0% 950
0.713031 0.16 5 7.0% 1000
0.687417 0.16 5 9.0% 450
0.687347 0.16 5 9.0% 500
0.687874 0.16 5 9.0% 550
0.687972 0.16 5 9.0% 600
0.687861 0.16 5 9.0% 650
0.688978 0.16 5 9.0% 700
0.689307 0.16 5 9.0% 750
0.689081 0.16 5 9.0% 800
0.689474 0.16 5 9.0% 850
0.689533 0.16 5 9.0% 900
0.689401 0.16 5 9.0% 950
0.689891 0.16 5 9.0% 1000
0.675024 0.16 5 11.0% 450
0.675539 0.16 5 11.0% 500
0.675709 0.16 5 11.0% 550
0.675906 0.16 5 11.0% 600
0.676265 0.16 5 11.0% 650
0.676503 0.16 5 11.0% 700
0.677270 0.16 5 11.0% 750
0.677187 0.16 5 11.0% 800
0.677357 0.16 5 11.0% 850
0.677611 0.16 5 11.0% 900
0.677591 0.16 5 11.0% 950
0.677438 0.16 5 11.0% 1000
0.672685 0.16 5 13.0% 450
0.672425 0.16 5 13.0% 500
0.672796 0.16 5 13.0% 550
0.672968 0.16 5 13.0% 600
0.673352 0.16 5 13.0% 650
0.673747 0.16 5 13.0% 700
0.674399 0.16 5 13.0% 750
0.674118 0.16 5 13.0% 800
0.673895 0.16 5 13.0% 850
0.674072 0.16 5 13.0% 900
0.674312 0.16 5 13.0% 950
0.674417 0.16 5 13.0% 1000
0.668532 0.16 5 15.0% 450
0.668237 0.16 5 15.0% 500
0.668182 0.16 5 15.0% 550
0.668852 0.16 5 15.0% 600
0.669574 0.16 5 15.0% 650
0.670136 0.16 5 15.0% 700
0.670979 0.16 5 15.0% 750
0.670628 0.16 5 15.0% 800
0.670678 0.16 5 15.0% 850
0.670689 0.16 5 15.0% 900
0.670659 0.16 5 15.0% 950
0.670968 0.16 5 15.0% 1000
0.657219 0.16 5 17.0% 450
0.657265 0.16 5 17.0% 500
0.657526 0.16 5 17.0% 550
0.658170 0.16 5 17.0% 600
0.658499 0.16 5 17.0% 650
0.658963 0.16 5 17.0% 700
0.659545 0.16 5 17.0% 750
0.659451 0.16 5 17.0% 800
0.659891 0.16 5 17.0% 850
0.659961 0.16 5 17.0% 900
0.660181 0.16 5 17.0% 950
0.660777 0.16 5 17.0% 1000
0.652528 0.16 5 19.0% 450
0.652830 0.16 5 19.0% 500
0.653172 0.16 5 19.0% 550
0.653645 0.16 5 19.0% 600
0.653944 0.16 5 19.0% 650
0.654482 0.16 5 19.0% 700
0.654795 0.16 5 19.0% 750
0.654595 0.16 5 19.0% 800
0.654677 0.16 5 19.0% 850
0.654428 0.16 5 19.0% 900
0.654688 0.16 5 19.0% 950
0.654949 0.16 5 19.0% 1000
0.708598 0.21 2 5.0% 450
0.709192 0.21 2 5.0% 500
0.709627 0.21 2 5.0% 550
0.710354 0.21 2 5.0% 600
0.710305 0.21 2 5.0% 650
0.710681 0.21 2 5.0% 700
0.710858 0.21 2 5.0% 750
0.711423 0.21 2 5.0% 800
0.711967 0.21 2 5.0% 850
0.711435 0.21 2 5.0% 900
0.711527 0.21 2 5.0% 950
0.711628 0.21 2 5.0% 1000
0.705859 0.21 2 7.0% 450
0.705996 0.21 2 7.0% 500
0.706313 0.21 2 7.0% 550
0.707124 0.21 2 7.0% 600
0.707298 0.21 2 7.0% 650
0.707006 0.21 2 7.0% 700
0.707405 0.21 2 7.0% 750
0.707651 0.21 2 7.0% 800
0.707783 0.21 2 7.0% 850
0.707959 0.21 2 7.0% 900
0.707934 0.21 2 7.0% 950
0.708166 0.21 2 7.0% 1000
0.685783 0.21 2 9.0% 450
0.686417 0.21 2 9.0% 500
0.686882 0.21 2 9.0% 550
0.687439 0.21 2 9.0% 600
0.687485 0.21 2 9.0% 650
0.689140 0.21 2 9.0% 700
0.688989 0.21 2 9.0% 750
0.689183 0.21 2 9.0% 800
0.689539 0.21 2 9.0% 850
0.689688 0.21 2 9.0% 900
0.689779 0.21 2 9.0% 950
0.689090 0.21 2 9.0% 1000
0.672800 0.21 2 11.0% 450
0.673691 0.21 2 11.0% 500
0.673505 0.21 2 11.0% 550
0.674551 0.21 2 11.0% 600
0.675081 0.21 2 11.0% 650
0.674700 0.21 2 11.0% 700
0.675635 0.21 2 11.0% 750
0.675785 0.21 2 11.0% 800
0.675910 0.21 2 11.0% 850
0.675797 0.21 2 11.0% 900
0.676205 0.21 2 11.0% 950
0.675609 0.21 2 11.0% 1000
0.671214 0.21 2 13.0% 450
0.672287 0.21 2 13.0% 500
0.671778 0.21 2 13.0% 550
0.672431 0.21 2 13.0% 600
0.673108 0.21 2 13.0% 650
0.673153 0.21 2 13.0% 700
0.673402 0.21 2 13.0% 750
0.673185 0.21 2 13.0% 800
0.673750 0.21 2 13.0% 850
0.673660 0.21 2 13.0% 900
0.674332 0.21 2 13.0% 950
0.674002 0.21 2 13.0% 1000
0.669491 0.21 2 15.0% 450
0.669850 0.21 2 15.0% 500
0.669636 0.21 2 15.0% 550
0.670142 0.21 2 15.0% 600
0.670718 0.21 2 15.0% 650
0.671540 0.21 2 15.0% 700
0.671691 0.21 2 15.0% 750
0.671212 0.21 2 15.0% 800
0.671047 0.21 2 15.0% 850
0.671045 0.21 2 15.0% 900
0.671644 0.21 2 15.0% 950
0.671762 0.21 2 15.0% 1000
0.660355 0.21 2 17.0% 450
0.660595 0.21 2 17.0% 500
0.660669 0.21 2 17.0% 550
0.661519 0.21 2 17.0% 600
0.662312 0.21 2 17.0% 650
0.662377 0.21 2 17.0% 700
0.662176 0.21 2 17.0% 750
0.662007 0.21 2 17.0% 800
0.662302 0.21 2 17.0% 850
0.662378 0.21 2 17.0% 900
0.663011 0.21 2 17.0% 950
0.662668 0.21 2 17.0% 1000
0.654188 0.21 2 19.0% 450
0.654193 0.21 2 19.0% 500
0.654097 0.21 2 19.0% 550
0.654720 0.21 2 19.0% 600
0.655436 0.21 2 19.0% 650
0.655758 0.21 2 19.0% 700
0.655776 0.21 2 19.0% 750
0.655644 0.21 2 19.0% 800
0.655886 0.21 2 19.0% 850
0.655748 0.21 2 19.0% 900
0.656038 0.21 2 19.0% 950
0.655922 0.21 2 19.0% 1000
0.713766 0.21 3 5.0% 450
0.713872 0.21 3 5.0% 500
0.713825 0.21 3 5.0% 550
0.714028 0.21 3 5.0% 600
0.714086 0.21 3 5.0% 650
0.714029 0.21 3 5.0% 700
0.714113 0.21 3 5.0% 750
0.714745 0.21 3 5.0% 800
0.714645 0.21 3 5.0% 850
0.714519 0.21 3 5.0% 900
0.714195 0.21 3 5.0% 950
0.714183 0.21 3 5.0% 1000
0.708902 0.21 3 7.0% 450
0.709494 0.21 3 7.0% 500
0.709307 0.21 3 7.0% 550
0.709265 0.21 3 7.0% 600
0.709806 0.21 3 7.0% 650
0.709906 0.21 3 7.0% 700
0.710168 0.21 3 7.0% 750
0.710389 0.21 3 7.0% 800
0.710463 0.21 3 7.0% 850
0.709935 0.21 3 7.0% 900
0.710107 0.21 3 7.0% 950
0.710499 0.21 3 7.0% 1000
0.686630 0.21 3 9.0% 450
0.686221 0.21 3 9.0% 500
0.686260 0.21 3 9.0% 550
0.686507 0.21 3 9.0% 600
0.687267 0.21 3 9.0% 650
0.688210 0.21 3 9.0% 700
0.688546 0.21 3 9.0% 750
0.688645 0.21 3 9.0% 800
0.689227 0.21 3 9.0% 850
0.689235 0.21 3 9.0% 900
0.688973 0.21 3 9.0% 950
0.689213 0.21 3 9.0% 1000
0.674322 0.21 3 11.0% 450
0.674586 0.21 3 11.0% 500
0.674994 0.21 3 11.0% 550
0.675121 0.21 3 11.0% 600
0.675396 0.21 3 11.0% 650
0.675259 0.21 3 11.0% 700
0.675334 0.21 3 11.0% 750
0.675452 0.21 3 11.0% 800
0.675507 0.21 3 11.0% 850
0.675616 0.21 3 11.0% 900
0.675673 0.21 3 11.0% 950
0.675526 0.21 3 11.0% 1000
0.672038 0.21 3 13.0% 450
0.672139 0.21 3 13.0% 500
0.672482 0.21 3 13.0% 550
0.673249 0.21 3 13.0% 600
0.674070 0.21 3 13.0% 650
0.673987 0.21 3 13.0% 700
0.674823 0.21 3 13.0% 750
0.674406 0.21 3 13.0% 800
0.674213 0.21 3 13.0% 850
0.673843 0.21 3 13.0% 900
0.674560 0.21 3 13.0% 950
0.674469 0.21 3 13.0% 1000
0.668517 0.21 3 15.0% 450
0.669098 0.21 3 15.0% 500
0.668721 0.21 3 15.0% 550
0.669351 0.21 3 15.0% 600
0.669762 0.21 3 15.0% 650
0.669733 0.21 3 15.0% 700
0.670198 0.21 3 15.0% 750
0.670000 0.21 3 15.0% 800
0.669972 0.21 3 15.0% 850
0.669544 0.21 3 15.0% 900
0.669911 0.21 3 15.0% 950
0.670060 0.21 3 15.0% 1000
0.659367 0.21 3 17.0% 450
0.659457 0.21 3 17.0% 500
0.659655 0.21 3 17.0% 550
0.660479 0.21 3 17.0% 600
0.660837 0.21 3 17.0% 650
0.661063 0.21 3 17.0% 700
0.661563 0.21 3 17.0% 750
0.661388 0.21 3 17.0% 800
0.661333 0.21 3 17.0% 850
0.661045 0.21 3 17.0% 900
0.661799 0.21 3 17.0% 950
0.661635 0.21 3 17.0% 1000
0.652770 0.21 3 19.0% 450
0.652700 0.21 3 19.0% 500
0.653275 0.21 3 19.0% 550
0.653644 0.21 3 19.0% 600
0.653900 0.21 3 19.0% 650
0.654491 0.21 3 19.0% 700
0.654015 0.21 3 19.0% 750
0.653811 0.21 3 19.0% 800
0.654217 0.21 3 19.0% 850
0.653886 0.21 3 19.0% 900
0.654414 0.21 3 19.0% 950
0.655016 0.21 3 19.0% 1000
0.715268 0.21 4 5.0% 450
0.715438 0.21 4 5.0% 500
0.715522 0.21 4 5.0% 550
0.715508 0.21 4 5.0% 600
0.715214 0.21 4 5.0% 650
0.715416 0.21 4 5.0% 700
0.715437 0.21 4 5.0% 750
0.715470 0.21 4 5.0% 800
0.715791 0.21 4 5.0% 850
0.715619 0.21 4 5.0% 900
0.715339 0.21 4 5.0% 950
0.715661 0.21 4 5.0% 1000
0.709386 0.21 4 7.0% 450
0.710110 0.21 4 7.0% 500
0.709910 0.21 4 7.0% 550
0.709867 0.21 4 7.0% 600
0.710089 0.21 4 7.0% 650
0.710442 0.21 4 7.0% 700
0.711004 0.21 4 7.0% 750
0.711268 0.21 4 7.0% 800
0.711272 0.21 4 7.0% 850
0.711421 0.21 4 7.0% 900
0.711738 0.21 4 7.0% 950
0.712016 0.21 4 7.0% 1000
0.687747 0.21 4 9.0% 450
0.687450 0.21 4 9.0% 500
0.686993 0.21 4 9.0% 550
0.686402 0.21 4 9.0% 600
0.686703 0.21 4 9.0% 650
0.687815 0.21 4 9.0% 700
0.688202 0.21 4 9.0% 750
0.688225 0.21 4 9.0% 800
0.688573 0.21 4 9.0% 850
0.688688 0.21 4 9.0% 900
0.688269 0.21 4 9.0% 950
0.688257 0.21 4 9.0% 1000
0.675633 0.21 4 11.0% 450
0.675969 0.21 4 11.0% 500
0.675667 0.21 4 11.0% 550
0.675716 0.21 4 11.0% 600
0.676172 0.21 4 11.0% 650
0.676724 0.21 4 11.0% 700
0.676979 0.21 4 11.0% 750
0.676982 0.21 4 11.0% 800
0.677144 0.21 4 11.0% 850
0.676951 0.21 4 11.0% 900
0.677056 0.21 4 11.0% 950
0.677090 0.21 4 11.0% 1000
0.673326 0.21 4 13.0% 450
0.673124 0.21 4 13.0% 500
0.673769 0.21 4 13.0% 550
0.673412 0.21 4 13.0% 600
0.673367 0.21 4 13.0% 650
0.673754 0.21 4 13.0% 700
0.674221 0.21 4 13.0% 750
0.673896 0.21 4 13.0% 800
0.673874 0.21 4 13.0% 850
0.673533 0.21 4 13.0% 900
0.674515 0.21 4 13.0% 950
0.674436 0.21 4 13.0% 1000
0.668755 0.21 4 15.0% 450
0.668998 0.21 4 15.0% 500
0.669016 0.21 4 15.0% 550
0.669585 0.21 4 15.0% 600
0.669378 0.21 4 15.0% 650
0.670251 0.21 4 15.0% 700
0.670972 0.21 4 15.0% 750
0.670490 0.21 4 15.0% 800
0.670288 0.21 4 15.0% 850
0.670274 0.21 4 15.0% 900
0.670469 0.21 4 15.0% 950
0.670963 0.21 4 15.0% 1000
0.659936 0.21 4 17.0% 450
0.659734 0.21 4 17.0% 500
0.659985 0.21 4 17.0% 550
0.660770 0.21 4 17.0% 600
0.660934 0.21 4 17.0% 650
0.660846 0.21 4 17.0% 700
0.661595 0.21 4 17.0% 750
0.661137 0.21 4 17.0% 800
0.661325 0.21 4 17.0% 850
0.661305 0.21 4 17.0% 900
0.661607 0.21 4 17.0% 950
0.661758 0.21 4 17.0% 1000
0.652702 0.21 4 19.0% 450
0.652883 0.21 4 19.0% 500
0.653025 0.21 4 19.0% 550
0.653338 0.21 4 19.0% 600
0.653857 0.21 4 19.0% 650
0.654460 0.21 4 19.0% 700
0.654482 0.21 4 19.0% 750
0.654128 0.21 4 19.0% 800
0.654613 0.21 4 19.0% 850
0.653925 0.21 4 19.0% 900
0.654555 0.21 4 19.0% 950
0.655014 0.21 4 19.0% 1000
0.713502 0.21 5 5.0% 450
0.714172 0.21 5 5.0% 500
0.714378 0.21 5 5.0% 550
0.715030 0.21 5 5.0% 600
0.714786 0.21 5 5.0% 650
0.715068 0.21 5 5.0% 700
0.715073 0.21 5 5.0% 750
0.715740 0.21 5 5.0% 800
0.715945 0.21 5 5.0% 850
0.715958 0.21 5 5.0% 900
0.715336 0.21 5 5.0% 950
0.716045 0.21 5 5.0% 1000
0.710440 0.21 5 7.0% 450
0.710579 0.21 5 7.0% 500
0.710285 0.21 5 7.0% 550
0.710422 0.21 5 7.0% 600
0.710087 0.21 5 7.0% 650
0.709760 0.21 5 7.0% 700
0.709761 0.21 5 7.0% 750
0.709545 0.21 5 7.0% 800
0.709994 0.21 5 7.0% 850
0.709712 0.21 5 7.0% 900
0.709882 0.21 5 7.0% 950
0.710042 0.21 5 7.0% 1000
0.687910 0.21 5 9.0% 450
0.688103 0.21 5 9.0% 500
0.688065 0.21 5 9.0% 550
0.687562 0.21 5 9.0% 600
0.688499 0.21 5 9.0% 650
0.689319 0.21 5 9.0% 700
0.688952 0.21 5 9.0% 750
0.689509 0.21 5 9.0% 800
0.689759 0.21 5 9.0% 850
0.689395 0.21 5 9.0% 900
0.688973 0.21 5 9.0% 950
0.688795 0.21 5 9.0% 1000
0.675809 0.21 5 11.0% 450
0.675948 0.21 5 11.0% 500
0.676305 0.21 5 11.0% 550
0.676447 0.21 5 11.0% 600
0.676803 0.21 5 11.0% 650
0.676412 0.21 5 11.0% 700
0.677454 0.21 5 11.0% 750
0.677134 0.21 5 11.0% 800
0.677157 0.21 5 11.0% 850
0.677433 0.21 5 11.0% 900
0.677655 0.21 5 11.0% 950
0.677980 0.21 5 11.0% 1000
0.674051 0.21 5 13.0% 450
0.674235 0.21 5 13.0% 500
0.674012 0.21 5 13.0% 550
0.673994 0.21 5 13.0% 600
0.674781 0.21 5 13.0% 650
0.674724 0.21 5 13.0% 700
0.675145 0.21 5 13.0% 750
0.674768 0.21 5 13.0% 800
0.674339 0.21 5 13.0% 850
0.674298 0.21 5 13.0% 900
0.674845 0.21 5 13.0% 950
0.674993 0.21 5 13.0% 1000
0.668538 0.21 5 15.0% 450
0.668871 0.21 5 15.0% 500
0.668737 0.21 5 15.0% 550
0.669543 0.21 5 15.0% 600
0.669306 0.21 5 15.0% 650
0.669888 0.21 5 15.0% 700
0.670993 0.21 5 15.0% 750
0.670422 0.21 5 15.0% 800
0.670157 0.21 5 15.0% 850
0.670025 0.21 5 15.0% 900
0.670517 0.21 5 15.0% 950
0.670379 0.21 5 15.0% 1000
0.659936 0.21 5 17.0% 450
0.659734 0.21 5 17.0% 500
0.659985 0.21 5 17.0% 550
0.660770 0.21 5 17.0% 600
0.660934 0.21 5 17.0% 650
0.660846 0.21 5 17.0% 700
0.661595 0.21 5 17.0% 750
0.661137 0.21 5 17.0% 800
0.661325 0.21 5 17.0% 850
0.661305 0.21 5 17.0% 900
0.661607 0.21 5 17.0% 950
0.661758 0.21 5 17.0% 1000
0.652702 0.21 5 19.0% 450
0.652883 0.21 5 19.0% 500
0.653025 0.21 5 19.0% 550
0.653338 0.21 5 19.0% 600
0.653857 0.21 5 19.0% 650
0.654460 0.21 5 19.0% 700
0.654482 0.21 5 19.0% 750
0.654128 0.21 5 19.0% 800
0.654613 0.21 5 19.0% 850
0.653925 0.21 5 19.0% 900
0.654555 0.21 5 19.0% 950
0.655014 0.21 5 19.0% 1000
0.709250 0.26 2 5.0% 450
0.709478 0.26 2 5.0% 500
0.709872 0.26 2 5.0% 550
0.710828 0.26 2 5.0% 600
0.711115 0.26 2 5.0% 650
0.711106 0.26 2 5.0% 700
0.711448 0.26 2 5.0% 750
0.711797 0.26 2 5.0% 800
0.711803 0.26 2 5.0% 850
0.711719 0.26 2 5.0% 900
0.711708 0.26 2 5.0% 950
0.711588 0.26 2 5.0% 1000
0.706008 0.26 2 7.0% 450
0.706406 0.26 2 7.0% 500
0.706643 0.26 2 7.0% 550
0.707463 0.26 2 7.0% 600
0.707758 0.26 2 7.0% 650
0.707681 0.26 2 7.0% 700
0.707871 0.26 2 7.0% 750
0.708246 0.26 2 7.0% 800
0.708373 0.26 2 7.0% 850
0.708475 0.26 2 7.0% 900
0.708334 0.26 2 7.0% 950
0.709033 0.26 2 7.0% 1000
0.686878 0.26 2 9.0% 450
0.686783 0.26 2 9.0% 500
0.686820 0.26 2 9.0% 550
0.687283 0.26 2 9.0% 600
0.687312 0.26 2 9.0% 650
0.688884 0.26 2 9.0% 700
0.688720 0.26 2 9.0% 750
0.688846 0.26 2 9.0% 800
0.688908 0.26 2 9.0% 850
0.688777 0.26 2 9.0% 900
0.688303 0.26 2 9.0% 950
0.688515 0.26 2 9.0% 1000
0.674475 0.26 2 11.0% 450
0.675137 0.26 2 11.0% 500
0.674778 0.26 2 11.0% 550
0.675176 0.26 2 11.0% 600
0.675595 0.26 2 11.0% 650
0.675679 0.26 2 11.0% 700
0.676013 0.26 2 11.0% 750
0.675903 0.26 2 11.0% 800
0.676188 0.26 2 11.0% 850
0.676192 0.26 2 11.0% 900
0.676749 0.26 2 11.0% 950
0.676447 0.26 2 11.0% 1000
0.672545 0.26 2 13.0% 450
0.672903 0.26 2 13.0% 500
0.672616 0.26 2 13.0% 550
0.673554 0.26 2 13.0% 600
0.673550 0.26 2 13.0% 650
0.674217 0.26 2 13.0% 700
0.674545 0.26 2 13.0% 750
0.674372 0.26 2 13.0% 800
0.674506 0.26 2 13.0% 850
0.674465 0.26 2 13.0% 900
0.674547 0.26 2 13.0% 950
0.674689 0.26 2 13.0% 1000
0.670075 0.26 2 15.0% 450
0.670486 0.26 2 15.0% 500
0.669609 0.26 2 15.0% 550
0.670702 0.26 2 15.0% 600
0.671134 0.26 2 15.0% 650
0.671675 0.26 2 15.0% 700
0.672207 0.26 2 15.0% 750
0.671618 0.26 2 15.0% 800
0.671515 0.26 2 15.0% 850
0.671164 0.26 2 15.0% 900
0.671517 0.26 2 15.0% 950
0.671464 0.26 2 15.0% 1000
0.660626 0.26 2 17.0% 450
0.660314 0.26 2 17.0% 500
0.660555 0.26 2 17.0% 550
0.661468 0.26 2 17.0% 600
0.661958 0.26 2 17.0% 650
0.662021 0.26 2 17.0% 700
0.662255 0.26 2 17.0% 750
0.662049 0.26 2 17.0% 800
0.662360 0.26 2 17.0% 850
0.662083 0.26 2 17.0% 900
0.662214 0.26 2 17.0% 950
0.662072 0.26 2 17.0% 1000
0.654368 0.26 2 19.0% 450
0.654046 0.26 2 19.0% 500
0.654036 0.26 2 19.0% 550
0.654759 0.26 2 19.0% 600
0.655282 0.26 2 19.0% 650
0.655541 0.26 2 19.0% 700
0.655479 0.26 2 19.0% 750
0.654984 0.26 2 19.0% 800
0.655146 0.26 2 19.0% 850
0.655355 0.26 2 19.0% 900
0.655455 0.26 2 19.0% 950
0.655352 0.26 2 19.0% 1000
0.714020 0.26 3 5.0% 450
0.714596 0.26 3 5.0% 500
0.714681 0.26 3 5.0% 550
0.715229 0.26 3 5.0% 600
0.715016 0.26 3 5.0% 650
0.714099 0.26 3 5.0% 700
0.714305 0.26 3 5.0% 750
0.714784 0.26 3 5.0% 800
0.715021 0.26 3 5.0% 850
0.714503 0.26 3 5.0% 900
0.714140 0.26 3 5.0% 950
0.714774 0.26 3 5.0% 1000
0.709297 0.26 3 7.0% 450
0.709519 0.26 3 7.0% 500
0.709171 0.26 3 7.0% 550
0.708807 0.26 3 7.0% 600
0.709174 0.26 3 7.0% 650
0.709054 0.26 3 7.0% 700
0.709029 0.26 3 7.0% 750
0.709269 0.26 3 7.0% 800
0.709517 0.26 3 7.0% 850
0.709505 0.26 3 7.0% 900
0.709074 0.26 3 7.0% 950
0.709872 0.26 3 7.0% 1000
0.686620 0.26 3 9.0% 450
0.687049 0.26 3 9.0% 500
0.686523 0.26 3 9.0% 550
0.687046 0.26 3 9.0% 600
0.687425 0.26 3 9.0% 650
0.689259 0.26 3 9.0% 700
0.689619 0.26 3 9.0% 750
0.688998 0.26 3 9.0% 800
0.689514 0.26 3 9.0% 850
0.689203 0.26 3 9.0% 900
0.689358 0.26 3 9.0% 950
0.689098 0.26 3 9.0% 1000
0.674907 0.26 3 11.0% 450
0.675070 0.26 3 11.0% 500
0.675171 0.26 3 11.0% 550
0.674927 0.26 3 11.0% 600
0.675029 0.26 3 11.0% 650
0.675087 0.26 3 11.0% 700
0.675577 0.26 3 11.0% 750
0.675554 0.26 3 11.0% 800
0.675656 0.26 3 11.0% 850
0.675833 0.26 3 11.0% 900
0.676310 0.26 3 11.0% 950
0.676258 0.26 3 11.0% 1000
0.671693 0.26 3 13.0% 450
0.672200 0.26 3 13.0% 500
0.672159 0.26 3 13.0% 550
0.672293 0.26 3 13.0% 600
0.672752 0.26 3 13.0% 650
0.672906 0.26 3 13.0% 700
0.672966 0.26 3 13.0% 750
0.672848 0.26 3 13.0% 800
0.672817 0.26 3 13.0% 850
0.672878 0.26 3 13.0% 900
0.673295 0.26 3 13.0% 950
0.673310 0.26 3 13.0% 1000
0.670397 0.26 3 15.0% 450
0.670321 0.26 3 15.0% 500
0.670347 0.26 3 15.0% 550
0.669906 0.26 3 15.0% 600
0.670332 0.26 3 15.0% 650
0.670615 0.26 3 15.0% 700
0.671317 0.26 3 15.0% 750
0.670471 0.26 3 15.0% 800
0.670856 0.26 3 15.0% 850
0.671315 0.26 3 15.0% 900
0.671188 0.26 3 15.0% 950
0.671094 0.26 3 15.0% 1000
0.660967 0.26 3 17.0% 450
0.660985 0.26 3 17.0% 500
0.661112 0.26 3 17.0% 550
0.661519 0.26 3 17.0% 600
0.662023 0.26 3 17.0% 650
0.662432 0.26 3 17.0% 700
0.662977 0.26 3 17.0% 750
0.662121 0.26 3 17.0% 800
0.662131 0.26 3 17.0% 850
0.661424 0.26 3 17.0% 900
0.661454 0.26 3 17.0% 950
0.661425 0.26 3 17.0% 1000
0.652913 0.26 3 19.0% 450
0.652984 0.26 3 19.0% 500
0.653493 0.26 3 19.0% 550
0.653617 0.26 3 19.0% 600
0.654139 0.26 3 19.0% 650
0.654624 0.26 3 19.0% 700
0.654303 0.26 3 19.0% 750
0.654172 0.26 3 19.0% 800
0.654318 0.26 3 19.0% 850
0.654265 0.26 3 19.0% 900
0.654903 0.26 3 19.0% 950
0.655496 0.26 3 19.0% 1000
0.714977 0.26 4 5.0% 450
0.715070 0.26 4 5.0% 500
0.715272 0.26 4 5.0% 550
0.715058 0.26 4 5.0% 600
0.715323 0.26 4 5.0% 650
0.715102 0.26 4 5.0% 700
0.715988 0.26 4 5.0% 750
0.716316 0.26 4 5.0% 800
0.717008 0.26 4 5.0% 850
0.717198 0.26 4 5.0% 900
0.716898 0.26 4 5.0% 950
0.716795 0.26 4 5.0% 1000
0.707789 0.26 4 7.0% 450
0.707722 0.26 4 7.0% 500
0.707201 0.26 4 7.0% 550
0.707076 0.26 4 7.0% 600
0.707526 0.26 4 7.0% 650
0.708075 0.26 4 7.0% 700
0.707951 0.26 4 7.0% 750
0.707666 0.26 4 7.0% 800
0.708207 0.26 4 7.0% 850
0.708635 0.26 4 7.0% 900
0.708724 0.26 4 7.0% 950
0.709293 0.26 4 7.0% 1000
0.687272 0.26 4 9.0% 450
0.688780 0.26 4 9.0% 500
0.688402 0.26 4 9.0% 550
0.687959 0.26 4 9.0% 600
0.688518 0.26 4 9.0% 650
0.688434 0.26 4 9.0% 700
0.688510 0.26 4 9.0% 750
0.688830 0.26 4 9.0% 800
0.689379 0.26 4 9.0% 850
0.688612 0.26 4 9.0% 900
0.687661 0.26 4 9.0% 950
0.689650 0.26 4 9.0% 1000
0.674833 0.26 4 11.0% 450
0.675523 0.26 4 11.0% 500
0.675894 0.26 4 11.0% 550
0.675157 0.26 4 11.0% 600
0.675847 0.26 4 11.0% 650
0.676118 0.26 4 11.0% 700
0.676363 0.26 4 11.0% 750
0.676155 0.26 4 11.0% 800
0.676742 0.26 4 11.0% 850
0.677002 0.26 4 11.0% 900
0.677663 0.26 4 11.0% 950
0.677540 0.26 4 11.0% 1000
0.671943 0.26 4 13.0% 450
0.672033 0.26 4 13.0% 500
0.671336 0.26 4 13.0% 550
0.671610 0.26 4 13.0% 600
0.671669 0.26 4 13.0% 650
0.672279 0.26 4 13.0% 700
0.672925 0.26 4 13.0% 750
0.673074 0.26 4 13.0% 800
0.672976 0.26 4 13.0% 850
0.672402 0.26 4 13.0% 900
0.672752 0.26 4 13.0% 950
0.672366 0.26 4 13.0% 1000
0.670428 0.26 4 15.0% 450
0.670346 0.26 4 15.0% 500
0.670554 0.26 4 15.0% 550
0.670904 0.26 4 15.0% 600
0.671319 0.26 4 15.0% 650
0.671544 0.26 4 15.0% 700
0.671765 0.26 4 15.0% 750
0.670956 0.26 4 15.0% 800
0.670654 0.26 4 15.0% 850
0.670509 0.26 4 15.0% 900
0.670186 0.26 4 15.0% 950
0.670161 0.26 4 15.0% 1000
0.658883 0.26 4 17.0% 450
0.658751 0.26 4 17.0% 500
0.658715 0.26 4 17.0% 550
0.659648 0.26 4 17.0% 600
0.660495 0.26 4 17.0% 650
0.660697 0.26 4 17.0% 700
0.660888 0.26 4 17.0% 750
0.660205 0.26 4 17.0% 800
0.660144 0.26 4 17.0% 850
0.659542 0.26 4 17.0% 900
0.659857 0.26 4 17.0% 950
0.660094 0.26 4 17.0% 1000
0.652709 0.26 4 19.0% 450
0.653017 0.26 4 19.0% 500
0.653564 0.26 4 19.0% 550
0.653434 0.26 4 19.0% 600
0.654386 0.26 4 19.0% 650
0.655144 0.26 4 19.0% 700
0.655151 0.26 4 19.0% 750
0.654767 0.26 4 19.0% 800
0.655052 0.26 4 19.0% 850
0.655007 0.26 4 19.0% 900
0.655189 0.26 4 19.0% 950
0.655362 0.26 4 19.0% 1000
0.713390 0.26 5 5.0% 450
0.713771 0.26 5 5.0% 500
0.714526 0.26 5 5.0% 550
0.714062 0.26 5 5.0% 600
0.714717 0.26 5 5.0% 650
0.714974 0.26 5 5.0% 700
0.714987 0.26 5 5.0% 750
0.714802 0.26 5 5.0% 800
0.714585 0.26 5 5.0% 850
0.714288 0.26 5 5.0% 900
0.714188 0.26 5 5.0% 950
0.714338 0.26 5 5.0% 1000
0.709891 0.26 5 7.0% 450
0.709637 0.26 5 7.0% 500
0.709721 0.26 5 7.0% 550
0.709828 0.26 5 7.0% 600
0.710061 0.26 5 7.0% 650
0.709603 0.26 5 7.0% 700
0.709905 0.26 5 7.0% 750
0.709810 0.26 5 7.0% 800
0.710443 0.26 5 7.0% 850
0.710110 0.26 5 7.0% 900
0.710511 0.26 5 7.0% 950
0.710643 0.26 5 7.0% 1000
0.687239 0.26 5 9.0% 450
0.687358 0.26 5 9.0% 500
0.687017 0.26 5 9.0% 550
0.687316 0.26 5 9.0% 600
0.687701 0.26 5 9.0% 650
0.688359 0.26 5 9.0% 700
0.688421 0.26 5 9.0% 750
0.688236 0.26 5 9.0% 800
0.688537 0.26 5 9.0% 850
0.688681 0.26 5 9.0% 900
0.688681 0.26 5 9.0% 950
0.688803 0.26 5 9.0% 1000
0.675049 0.26 5 11.0% 450
0.674406 0.26 5 11.0% 500
0.674611 0.26 5 11.0% 550
0.674350 0.26 5 11.0% 600
0.674923 0.26 5 11.0% 650
0.675454 0.26 5 11.0% 700
0.675974 0.26 5 11.0% 750
0.675513 0.26 5 11.0% 800
0.675220 0.26 5 11.0% 850
0.675034 0.26 5 11.0% 900
0.675249 0.26 5 11.0% 950
0.675946 0.26 5 11.0% 1000
0.673729 0.26 5 13.0% 450
0.673325 0.26 5 13.0% 500
0.673516 0.26 5 13.0% 550
0.673388 0.26 5 13.0% 600
0.673045 0.26 5 13.0% 650
0.673428 0.26 5 13.0% 700
0.673914 0.26 5 13.0% 750
0.673106 0.26 5 13.0% 800
0.673164 0.26 5 13.0% 850
0.672995 0.26 5 13.0% 900
0.673126 0.26 5 13.0% 950
0.673266 0.26 5 13.0% 1000
0.670136 0.26 5 15.0% 450
0.669930 0.26 5 15.0% 500
0.669829 0.26 5 15.0% 550
0.670058 0.26 5 15.0% 600
0.669926 0.26 5 15.0% 650
0.671059 0.26 5 15.0% 700
0.671703 0.26 5 15.0% 750
0.671050 0.26 5 15.0% 800
0.670813 0.26 5 15.0% 850
0.671375 0.26 5 15.0% 900
0.670742 0.26 5 15.0% 950
0.671085 0.26 5 15.0% 1000
0.658883 0.26 5 17.0% 450
0.658751 0.26 5 17.0% 500
0.658715 0.26 5 17.0% 550
0.659648 0.26 5 17.0% 600
0.660495 0.26 5 17.0% 650
0.660697 0.26 5 17.0% 700
0.660888 0.26 5 17.0% 750
0.660205 0.26 5 17.0% 800
0.660144 0.26 5 17.0% 850
0.659542 0.26 5 17.0% 900
0.659857 0.26 5 17.0% 950
0.660094 0.26 5 17.0% 1000
0.652709 0.26 5 19.0% 450
0.653017 0.26 5 19.0% 500
0.653564 0.26 5 19.0% 550
0.653434 0.26 5 19.0% 600
0.654386 0.26 5 19.0% 650
0.655144 0.26 5 19.0% 700
0.655151 0.26 5 19.0% 750
0.654767 0.26 5 19.0% 800
0.655052 0.26 5 19.0% 850
0.655007 0.26 5 19.0% 900
0.655189 0.26 5 19.0% 950
0.655362 0.26 5 19.0% 1000
0.711074 0.31 2 5.0% 450
0.710885 0.31 2 5.0% 500
0.711143 0.31 2 5.0% 550
0.711642 0.31 2 5.0% 600
0.711804 0.31 2 5.0% 650
0.711689 0.31 2 5.0% 700
0.711867 0.31 2 5.0% 750
0.712548 0.31 2 5.0% 800
0.712869 0.31 2 5.0% 850
0.712885 0.31 2 5.0% 900
0.712918 0.31 2 5.0% 950
0.712854 0.31 2 5.0% 1000
0.706805 0.31 2 7.0% 450
0.707143 0.31 2 7.0% 500
0.707281 0.31 2 7.0% 550
0.707256 0.31 2 7.0% 600
0.707478 0.31 2 7.0% 650
0.707412 0.31 2 7.0% 700
0.707727 0.31 2 7.0% 750
0.707596 0.31 2 7.0% 800
0.707732 0.31 2 7.0% 850
0.707840 0.31 2 7.0% 900
0.707828 0.31 2 7.0% 950
0.708086 0.31 2 7.0% 1000
0.685826 0.31 2 9.0% 450
0.685829 0.31 2 9.0% 500
0.685010 0.31 2 9.0% 550
0.685913 0.31 2 9.0% 600
0.686369 0.31 2 9.0% 650
0.688109 0.31 2 9.0% 700
0.688224 0.31 2 9.0% 750
0.688269 0.31 2 9.0% 800
0.688828 0.31 2 9.0% 850
0.688542 0.31 2 9.0% 900
0.688418 0.31 2 9.0% 950
0.687867 0.31 2 9.0% 1000
0.673904 0.31 2 11.0% 450
0.674745 0.31 2 11.0% 500
0.673939 0.31 2 11.0% 550
0.674703 0.31 2 11.0% 600
0.675019 0.31 2 11.0% 650
0.675480 0.31 2 11.0% 700
0.675313 0.31 2 11.0% 750
0.675060 0.31 2 11.0% 800
0.675299 0.31 2 11.0% 850
0.675295 0.31 2 11.0% 900
0.675989 0.31 2 11.0% 950
0.676328 0.31 2 11.0% 1000
0.671873 0.31 2 13.0% 450
0.671738 0.31 2 13.0% 500
0.671563 0.31 2 13.0% 550
0.672526 0.31 2 13.0% 600
0.672507 0.31 2 13.0% 650
0.672324 0.31 2 13.0% 700
0.672589 0.31 2 13.0% 750
0.671999 0.31 2 13.0% 800
0.672201 0.31 2 13.0% 850
0.672109 0.31 2 13.0% 900
0.672501 0.31 2 13.0% 950
0.673028 0.31 2 13.0% 1000
0.673287 0.31 2 15.0% 450
0.673324 0.31 2 15.0% 500
0.672794 0.31 2 15.0% 550
0.673736 0.31 2 15.0% 600
0.673822 0.31 2 15.0% 650
0.673512 0.31 2 15.0% 700
0.673677 0.31 2 15.0% 750
0.673116 0.31 2 15.0% 800
0.672980 0.31 2 15.0% 850
0.673115 0.31 2 15.0% 900
0.673235 0.31 2 15.0% 950
0.672907 0.31 2 15.0% 1000
0.661824 0.31 2 17.0% 450
0.661792 0.31 2 17.0% 500
0.661726 0.31 2 17.0% 550
0.662575 0.31 2 17.0% 600
0.663176 0.31 2 17.0% 650
0.663261 0.31 2 17.0% 700
0.663321 0.31 2 17.0% 750
0.662960 0.31 2 17.0% 800
0.663633 0.31 2 17.0% 850
0.663408 0.31 2 17.0% 900
0.663560 0.31 2 17.0% 950
0.663365 0.31 2 17.0% 1000
0.653395 0.31 2 19.0% 450
0.653410 0.31 2 19.0% 500
0.653660 0.31 2 19.0% 550
0.654294 0.31 2 19.0% 600
0.654638 0.31 2 19.0% 650
0.654918 0.31 2 19.0% 700
0.655328 0.31 2 19.0% 750
0.655028 0.31 2 19.0% 800
0.654906 0.31 2 19.0% 850
0.654803 0.31 2 19.0% 900
0.655033 0.31 2 19.0% 950
0.655221 0.31 2 19.0% 1000
0.713078 0.31 3 5.0% 450
0.713351 0.31 3 5.0% 500
0.713364 0.31 3 5.0% 550
0.713596 0.31 3 5.0% 600
0.713038 0.31 3 5.0% 650
0.712632 0.31 3 5.0% 700
0.713229 0.31 3 5.0% 750
0.714084 0.31 3 5.0% 800
0.713744 0.31 3 5.0% 850
0.713959 0.31 3 5.0% 900
0.713715 0.31 3 5.0% 950
0.713783 0.31 3 5.0% 1000
0.708213 0.31 3 7.0% 450
0.708850 0.31 3 7.0% 500
0.708978 0.31 3 7.0% 550
0.708837 0.31 3 7.0% 600
0.709573 0.31 3 7.0% 650
0.709477 0.31 3 7.0% 700
0.709597 0.31 3 7.0% 750
0.709334 0.31 3 7.0% 800
0.709538 0.31 3 7.0% 850
0.709425 0.31 3 7.0% 900
0.709259 0.31 3 7.0% 950
0.708923 0.31 3 7.0% 1000
0.688118 0.31 3 9.0% 450
0.687520 0.31 3 9.0% 500
0.687019 0.31 3 9.0% 550
0.686493 0.31 3 9.0% 600
0.687625 0.31 3 9.0% 650
0.689548 0.31 3 9.0% 700
0.689825 0.31 3 9.0% 750
0.688629 0.31 3 9.0% 800
0.688362 0.31 3 9.0% 850
0.688618 0.31 3 9.0% 900
0.688639 0.31 3 9.0% 950
0.688698 0.31 3 9.0% 1000
0.672652 0.31 3 11.0% 450
0.673569 0.31 3 11.0% 500
0.673834 0.31 3 11.0% 550
0.674505 0.31 3 11.0% 600
0.674197 0.31 3 11.0% 650
0.674193 0.31 3 11.0% 700
0.674843 0.31 3 11.0% 750
0.674741 0.31 3 11.0% 800
0.675227 0.31 3 11.0% 850
0.674747 0.31 3 11.0% 900
0.675334 0.31 3 11.0% 950
0.675736 0.31 3 11.0% 1000
0.671937 0.31 3 13.0% 450
0.671855 0.31 3 13.0% 500
0.671899 0.31 3 13.0% 550
0.672501 0.31 3 13.0% 600
0.672202 0.31 3 13.0% 650
0.671957 0.31 3 13.0% 700
0.672692 0.31 3 13.0% 750
0.671887 0.31 3 13.0% 800
0.671679 0.31 3 13.0% 850
0.671599 0.31 3 13.0% 900
0.672383 0.31 3 13.0% 950
0.672313 0.31 3 13.0% 1000
0.667909 0.31 3 15.0% 450
0.668391 0.31 3 15.0% 500
0.668023 0.31 3 15.0% 550
0.668852 0.31 3 15.0% 600
0.668322 0.31 3 15.0% 650
0.668941 0.31 3 15.0% 700
0.669039 0.31 3 15.0% 750
0.668608 0.31 3 15.0% 800
0.668627 0.31 3 15.0% 850
0.668658 0.31 3 15.0% 900
0.668630 0.31 3 15.0% 950
0.668722 0.31 3 15.0% 1000
0.660972 0.31 3 17.0% 450
0.661152 0.31 3 17.0% 500
0.660934 0.31 3 17.0% 550
0.661289 0.31 3 17.0% 600
0.662068 0.31 3 17.0% 650
0.662602 0.31 3 17.0% 700
0.662208 0.31 3 17.0% 750
0.661653 0.31 3 17.0% 800
0.662243 0.31 3 17.0% 850
0.661737 0.31 3 17.0% 900
0.662412 0.31 3 17.0% 950
0.662092 0.31 3 17.0% 1000
0.653585 0.31 3 19.0% 450
0.653282 0.31 3 19.0% 500
0.653320 0.31 3 19.0% 550
0.653823 0.31 3 19.0% 600
0.653754 0.31 3 19.0% 650
0.653811 0.31 3 19.0% 700
0.653583 0.31 3 19.0% 750
0.654223 0.31 3 19.0% 800
0.654234 0.31 3 19.0% 850
0.654061 0.31 3 19.0% 900
0.654056 0.31 3 19.0% 950
0.654625 0.31 3 19.0% 1000
0.714882 0.31 4 5.0% 450
0.714637 0.31 4 5.0% 500
0.714329 0.31 4 5.0% 550
0.713760 0.31 4 5.0% 600
0.714619 0.31 4 5.0% 650
0.715178 0.31 4 5.0% 700
0.715068 0.31 4 5.0% 750
0.714586 0.31 4 5.0% 800
0.714236 0.31 4 5.0% 850
0.713881 0.31 4 5.0% 900
0.714127 0.31 4 5.0% 950
0.714607 0.31 4 5.0% 1000
0.708475 0.31 4 7.0% 450
0.707610 0.31 4 7.0% 500
0.707830 0.31 4 7.0% 550
0.708147 0.31 4 7.0% 600
0.708055 0.31 4 7.0% 650
0.708708 0.31 4 7.0% 700
0.708888 0.31 4 7.0% 750
0.708296 0.31 4 7.0% 800
0.709373 0.31 4 7.0% 850
0.709469 0.31 4 7.0% 900
0.709721 0.31 4 7.0% 950
0.709432 0.31 4 7.0% 1000
0.689300 0.31 4 9.0% 450
0.688312 0.31 4 9.0% 500
0.688467 0.31 4 9.0% 550
0.688325 0.31 4 9.0% 600
0.689302 0.31 4 9.0% 650
0.688885 0.31 4 9.0% 700
0.689243 0.31 4 9.0% 750
0.689093 0.31 4 9.0% 800
0.688943 0.31 4 9.0% 850
0.688490 0.31 4 9.0% 900
0.688354 0.31 4 9.0% 950
0.688456 0.31 4 9.0% 1000
0.674344 0.31 4 11.0% 450
0.674356 0.31 4 11.0% 500
0.673928 0.31 4 11.0% 550
0.673775 0.31 4 11.0% 600
0.674428 0.31 4 11.0% 650
0.674450 0.31 4 11.0% 700
0.674758 0.31 4 11.0% 750
0.674651 0.31 4 11.0% 800
0.674751 0.31 4 11.0% 850
0.675075 0.31 4 11.0% 900
0.674614 0.31 4 11.0% 950
0.675338 0.31 4 11.0% 1000
0.672391 0.31 4 13.0% 450
0.672202 0.31 4 13.0% 500
0.672389 0.31 4 13.0% 550
0.673192 0.31 4 13.0% 600
0.673144 0.31 4 13.0% 650
0.673074 0.31 4 13.0% 700
0.672874 0.31 4 13.0% 750
0.672422 0.31 4 13.0% 800
0.672861 0.31 4 13.0% 850
0.673017 0.31 4 13.0% 900
0.672855 0.31 4 13.0% 950
0.673383 0.31 4 13.0% 1000
0.669306 0.31 4 15.0% 450
0.669072 0.31 4 15.0% 500
0.668785 0.31 4 15.0% 550
0.668956 0.31 4 15.0% 600
0.668436 0.31 4 15.0% 650
0.669621 0.31 4 15.0% 700
0.669722 0.31 4 15.0% 750
0.669027 0.31 4 15.0% 800
0.668871 0.31 4 15.0% 850
0.669168 0.31 4 15.0% 900
0.668932 0.31 4 15.0% 950
0.669783 0.31 4 15.0% 1000
0.660589 0.31 4 17.0% 450
0.660576 0.31 4 17.0% 500
0.660392 0.31 4 17.0% 550
0.661692 0.31 4 17.0% 600
0.662085 0.31 4 17.0% 650
0.662323 0.31 4 17.0% 700
0.663179 0.31 4 17.0% 750
0.662950 0.31 4 17.0% 800
0.662712 0.31 4 17.0% 850
0.662097 0.31 4 17.0% 900
0.662475 0.31 4 17.0% 950
0.662627 0.31 4 17.0% 1000
0.653585 0.31 4 19.0% 450
0.653282 0.31 4 19.0% 500
0.653320 0.31 4 19.0% 550
0.653918 0.31 4 19.0% 600
0.653836 0.31 4 19.0% 650
0.654266 0.31 4 19.0% 700
0.653823 0.31 4 19.0% 750
0.653658 0.31 4 19.0% 800
0.654155 0.31 4 19.0% 850
0.653436 0.31 4 19.0% 900
0.653819 0.31 4 19.0% 950
0.653706 0.31 4 19.0% 1000
0.715422 0.31 5 5.0% 450
0.715479 0.31 5 5.0% 500
0.714989 0.31 5 5.0% 550
0.714268 0.31 5 5.0% 600
0.713878 0.31 5 5.0% 650
0.714533 0.31 5 5.0% 700
0.714966 0.31 5 5.0% 750
0.715820 0.31 5 5.0% 800
0.715284 0.31 5 5.0% 850
0.715100 0.31 5 5.0% 900
0.715066 0.31 5 5.0% 950
0.715854 0.31 5 5.0% 1000
0.708869 0.31 5 7.0% 450
0.708720 0.31 5 7.0% 500
0.708739 0.31 5 7.0% 550
0.708825 0.31 5 7.0% 600
0.708612 0.31 5 7.0% 650
0.708957 0.31 5 7.0% 700
0.708799 0.31 5 7.0% 750
0.709204 0.31 5 7.0% 800
0.709501 0.31 5 7.0% 850
0.709226 0.31 5 7.0% 900
0.708575 0.31 5 7.0% 950
0.708396 0.31 5 7.0% 1000
0.687848 0.31 5 9.0% 450
0.687808 0.31 5 9.0% 500
0.687493 0.31 5 9.0% 550
0.687166 0.31 5 9.0% 600
0.687621 0.31 5 9.0% 650
0.686792 0.31 5 9.0% 700
0.688220 0.31 5 9.0% 750
0.687154 0.31 5 9.0% 800
0.687513 0.31 5 9.0% 850
0.687225 0.31 5 9.0% 900
0.686512 0.31 5 9.0% 950
0.686990 0.31 5 9.0% 1000
0.675799 0.31 5 11.0% 450
0.675752 0.31 5 11.0% 500
0.674978 0.31 5 11.0% 550
0.674700 0.31 5 11.0% 600
0.675521 0.31 5 11.0% 650
0.675514 0.31 5 11.0% 700
0.675760 0.31 5 11.0% 750
0.675435 0.31 5 11.0% 800
0.675609 0.31 5 11.0% 850
0.675226 0.31 5 11.0% 900
0.674800 0.31 5 11.0% 950
0.674830 0.31 5 11.0% 1000
0.673737 0.31 5 13.0% 450
0.672983 0.31 5 13.0% 500
0.673582 0.31 5 13.0% 550
0.673601 0.31 5 13.0% 600
0.673356 0.31 5 13.0% 650
0.673836 0.31 5 13.0% 700
0.674140 0.31 5 13.0% 750
0.673650 0.31 5 13.0% 800
0.673423 0.31 5 13.0% 850
0.674088 0.31 5 13.0% 900
0.674815 0.31 5 13.0% 950
0.674465 0.31 5 13.0% 1000
0.669615 0.31 5 15.0% 450
0.670208 0.31 5 15.0% 500
0.669461 0.31 5 15.0% 550
0.669204 0.31 5 15.0% 600
0.669406 0.31 5 15.0% 650
0.669440 0.31 5 15.0% 700
0.670290 0.31 5 15.0% 750
0.669265 0.31 5 15.0% 800
0.668932 0.31 5 15.0% 850
0.668544 0.31 5 15.0% 900
0.668192 0.31 5 15.0% 950
0.668603 0.31 5 15.0% 1000
0.660589 0.31 5 17.0% 450
0.660576 0.31 5 17.0% 500
0.660392 0.31 5 17.0% 550
0.661692 0.31 5 17.0% 600
0.662085 0.31 5 17.0% 650
0.662323 0.31 5 17.0% 700
0.663179 0.31 5 17.0% 750
0.662950 0.31 5 17.0% 800
0.662712 0.31 5 17.0% 850
0.662097 0.31 5 17.0% 900
0.662475 0.31 5 17.0% 950
0.662627 0.31 5 17.0% 1000
0.653585 0.31 5 19.0% 450
0.653282 0.31 5 19.0% 500
0.653320 0.31 5 19.0% 550
0.653918 0.31 5 19.0% 600
0.653836 0.31 5 19.0% 650
0.654266 0.31 5 19.0% 700
0.653823 0.31 5 19.0% 750
0.653658 0.31 5 19.0% 800
0.654155 0.31 5 19.0% 850
0.653436 0.31 5 19.0% 900
0.653819 0.31 5 19.0% 950
0.653706 0.31 5 19.0% 1000
0.711309 0.36 2 5.0% 450
0.711443 0.36 2 5.0% 500
0.711098 0.36 2 5.0% 550
0.711507 0.36 2 5.0% 600
0.712010 0.36 2 5.0% 650
0.711595 0.36 2 5.0% 700
0.711974 0.36 2 5.0% 750
0.712082 0.36 2 5.0% 800
0.712705 0.36 2 5.0% 850
0.712440 0.36 2 5.0% 900
0.712058 0.36 2 5.0% 950
0.712086 0.36 2 5.0% 1000
0.706852 0.36 2 7.0% 450
0.707270 0.36 2 7.0% 500
0.706466 0.36 2 7.0% 550
0.707035 0.36 2 7.0% 600
0.706955 0.36 2 7.0% 650
0.706445 0.36 2 7.0% 700
0.706943 0.36 2 7.0% 750
0.707155 0.36 2 7.0% 800
0.706976 0.36 2 7.0% 850
0.707177 0.36 2 7.0% 900
0.707725 0.36 2 7.0% 950
0.707796 0.36 2 7.0% 1000
0.688184 0.36 2 9.0% 450
0.688188 0.36 2 9.0% 500
0.687532 0.36 2 9.0% 550
0.688073 0.36 2 9.0% 600
0.687598 0.36 2 9.0% 650
0.690135 0.36 2 9.0% 700
0.689830 0.36 2 9.0% 750
0.690217 0.36 2 9.0% 800
0.690371 0.36 2 9.0% 850
0.690063 0.36 2 9.0% 900
0.690196 0.36 2 9.0% 950
0.690309 0.36 2 9.0% 1000
0.674646 0.36 2 11.0% 450
0.674372 0.36 2 11.0% 500
0.673565 0.36 2 11.0% 550
0.674653 0.36 2 11.0% 600
0.675182 0.36 2 11.0% 650
0.675189 0.36 2 11.0% 700
0.674691 0.36 2 11.0% 750
0.675329 0.36 2 11.0% 800
0.675414 0.36 2 11.0% 850
0.675417 0.36 2 11.0% 900
0.675662 0.36 2 11.0% 950
0.675335 0.36 2 11.0% 1000
0.673417 0.36 2 13.0% 450
0.673358 0.36 2 13.0% 500
0.673832 0.36 2 13.0% 550
0.674213 0.36 2 13.0% 600
0.674210 0.36 2 13.0% 650
0.674378 0.36 2 13.0% 700
0.674050 0.36 2 13.0% 750
0.673434 0.36 2 13.0% 800
0.673045 0.36 2 13.0% 850
0.672623 0.36 2 13.0% 900
0.673424 0.36 2 13.0% 950
0.672909 0.36 2 13.0% 1000
0.672516 0.36 2 15.0% 450
0.672606 0.36 2 15.0% 500
0.671487 0.36 2 15.0% 550
0.672152 0.36 2 15.0% 600
0.672339 0.36 2 15.0% 650
0.672014 0.36 2 15.0% 700
0.672070 0.36 2 15.0% 750
0.671961 0.36 2 15.0% 800
0.671724 0.36 2 15.0% 850
0.671308 0.36 2 15.0% 900
0.671820 0.36 2 15.0% 950
0.671313 0.36 2 15.0% 1000
0.663680 0.36 2 17.0% 450
0.663935 0.36 2 17.0% 500
0.663965 0.36 2 17.0% 550
0.664143 0.36 2 17.0% 600
0.664716 0.36 2 17.0% 650
0.664379 0.36 2 17.0% 700
0.664264 0.36 2 17.0% 750
0.663624 0.36 2 17.0% 800
0.664029 0.36 2 17.0% 850
0.663810 0.36 2 17.0% 900
0.664195 0.36 2 17.0% 950
0.663974 0.36 2 17.0% 1000
0.655353 0.36 2 19.0% 450
0.654968 0.36 2 19.0% 500
0.654518 0.36 2 19.0% 550
0.655109 0.36 2 19.0% 600
0.655630 0.36 2 19.0% 650
0.655543 0.36 2 19.0% 700
0.655829 0.36 2 19.0% 750
0.655527 0.36 2 19.0% 800
0.655913 0.36 2 19.0% 850
0.655456 0.36 2 19.0% 900
0.655568 0.36 2 19.0% 950
0.656156 0.36 2 19.0% 1000
0.712647 0.36 3 5.0% 450
0.712499 0.36 3 5.0% 500
0.712629 0.36 3 5.0% 550
0.713117 0.36 3 5.0% 600
0.712951 0.36 3 5.0% 650
0.713156 0.36 3 5.0% 700
0.713487 0.36 3 5.0% 750
0.713241 0.36 3 5.0% 800
0.712887 0.36 3 5.0% 850
0.712648 0.36 3 5.0% 900
0.712611 0.36 3 5.0% 950
0.712690 0.36 3 5.0% 1000
0.709320 0.36 3 7.0% 450
0.709382 0.36 3 7.0% 500
0.708790 0.36 3 7.0% 550
0.708550 0.36 3 7.0% 600
0.708925 0.36 3 7.0% 650
0.708512 0.36 3 7.0% 700
0.708733 0.36 3 7.0% 750
0.709034 0.36 3 7.0% 800
0.709643 0.36 3 7.0% 850
0.709395 0.36 3 7.0% 900
0.709494 0.36 3 7.0% 950
0.709670 0.36 3 7.0% 1000
0.687097 0.36 3 9.0% 450
0.687381 0.36 3 9.0% 500
0.687015 0.36 3 9.0% 550
0.686732 0.36 3 9.0% 600
0.687251 0.36 3 9.0% 650
0.688984 0.36 3 9.0% 700
0.688807 0.36 3 9.0% 750
0.688498 0.36 3 9.0% 800
0.688921 0.36 3 9.0% 850
0.688961 0.36 3 9.0% 900
0.689425 0.36 3 9.0% 950
0.689370 0.36 3 9.0% 1000
0.673260 0.36 3 11.0% 450
0.673982 0.36 3 11.0% 500
0.673586 0.36 3 11.0% 550
0.674028 0.36 3 11.0% 600
0.674215 0.36 3 11.0% 650
0.674603 0.36 3 11.0% 700
0.675772 0.36 3 11.0% 750
0.675450 0.36 3 11.0% 800
0.675094 0.36 3 11.0% 850
0.674661 0.36 3 11.0% 900
0.675595 0.36 3 11.0% 950
0.675191 0.36 3 11.0% 1000
0.671657 0.36 3 13.0% 450
0.672122 0.36 3 13.0% 500
0.672401 0.36 3 13.0% 550
0.671790 0.36 3 13.0% 600
0.671962 0.36 3 13.0% 650
0.671330 0.36 3 13.0% 700
0.672005 0.36 3 13.0% 750
0.671549 0.36 3 13.0% 800
0.672234 0.36 3 13.0% 850
0.672274 0.36 3 13.0% 900
0.671973 0.36 3 13.0% 950
0.672419 0.36 3 13.0% 1000
0.669757 0.36 3 15.0% 450
0.670043 0.36 3 15.0% 500
0.670247 0.36 3 15.0% 550
0.670213 0.36 3 15.0% 600
0.670520 0.36 3 15.0% 650
0.670179 0.36 3 15.0% 700
0.670853 0.36 3 15.0% 750
0.670465 0.36 3 15.0% 800
0.670504 0.36 3 15.0% 850
0.670135 0.36 3 15.0% 900
0.670586 0.36 3 15.0% 950
0.670672 0.36 3 15.0% 1000
0.660989 0.36 3 17.0% 450
0.660888 0.36 3 17.0% 500
0.660418 0.36 3 17.0% 550
0.661049 0.36 3 17.0% 600
0.660902 0.36 3 17.0% 650
0.661502 0.36 3 17.0% 700
0.661934 0.36 3 17.0% 750
0.661383 0.36 3 17.0% 800
0.661724 0.36 3 17.0% 850
0.660238 0.36 3 17.0% 900
0.661119 0.36 3 17.0% 950
0.661521 0.36 3 17.0% 1000
0.652016 0.36 3 19.0% 450
0.652219 0.36 3 19.0% 500
0.652731 0.36 3 19.0% 550
0.653159 0.36 3 19.0% 600
0.653584 0.36 3 19.0% 650
0.653885 0.36 3 19.0% 700
0.654956 0.36 3 19.0% 750
0.654452 0.36 3 19.0% 800
0.654581 0.36 3 19.0% 850
0.653890 0.36 3 19.0% 900
0.654044 0.36 3 19.0% 950
0.654362 0.36 3 19.0% 1000
0.715885 0.36 4 5.0% 450
0.715443 0.36 4 5.0% 500
0.715511 0.36 4 5.0% 550
0.714842 0.36 4 5.0% 600
0.715871 0.36 4 5.0% 650
0.715071 0.36 4 5.0% 700
0.715500 0.36 4 5.0% 750
0.714978 0.36 4 5.0% 800
0.715088 0.36 4 5.0% 850
0.715178 0.36 4 5.0% 900
0.714477 0.36 4 5.0% 950
0.714708 0.36 4 5.0% 1000
0.709320 0.36 4 7.0% 450
0.709752 0.36 4 7.0% 500
0.708340 0.36 4 7.0% 550
0.709518 0.36 4 7.0% 600
0.709479 0.36 4 7.0% 650
0.709355 0.36 4 7.0% 700
0.708569 0.36 4 7.0% 750
0.708848 0.36 4 7.0% 800
0.709148 0.36 4 7.0% 850
0.708515 0.36 4 7.0% 900
0.708650 0.36 4 7.0% 950
0.708561 0.36 4 7.0% 1000
0.684639 0.36 4 9.0% 450
0.684824 0.36 4 9.0% 500
0.684486 0.36 4 9.0% 550
0.684830 0.36 4 9.0% 600
0.684770 0.36 4 9.0% 650
0.684136 0.36 4 9.0% 700
0.686770 0.36 4 9.0% 750
0.686580 0.36 4 9.0% 800
0.686595 0.36 4 9.0% 850
0.686568 0.36 4 9.0% 900
0.685948 0.36 4 9.0% 950
0.686527 0.36 4 9.0% 1000
0.674962 0.36 4 11.0% 450
0.674691 0.36 4 11.0% 500
0.675763 0.36 4 11.0% 550
0.675823 0.36 4 11.0% 600
0.676396 0.36 4 11.0% 650
0.677204 0.36 4 11.0% 700
0.676816 0.36 4 11.0% 750
0.676880 0.36 4 11.0% 800
0.676774 0.36 4 11.0% 850
0.676189 0.36 4 11.0% 900
0.677165 0.36 4 11.0% 950
0.676665 0.36 4 11.0% 1000
0.672683 0.36 4 13.0% 450
0.672973 0.36 4 13.0% 500
0.672932 0.36 4 13.0% 550
0.673567 0.36 4 13.0% 600
0.673814 0.36 4 13.0% 650
0.673228 0.36 4 13.0% 700
0.672978 0.36 4 13.0% 750
0.672994 0.36 4 13.0% 800
0.672186 0.36 4 13.0% 850
0.672336 0.36 4 13.0% 900
0.672966 0.36 4 13.0% 950
0.673385 0.36 4 13.0% 1000
0.669463 0.36 4 15.0% 450
0.669697 0.36 4 15.0% 500
0.669899 0.36 4 15.0% 550
0.669576 0.36 4 15.0% 600
0.668929 0.36 4 15.0% 650
0.669110 0.36 4 15.0% 700
0.669679 0.36 4 15.0% 750
0.670028 0.36 4 15.0% 800
0.669332 0.36 4 15.0% 850
0.669548 0.36 4 15.0% 900
0.669662 0.36 4 15.0% 950
0.669929 0.36 4 15.0% 1000
0.661449 0.36 4 17.0% 450
0.661155 0.36 4 17.0% 500
