0.910851 0.56 2 0.05 450
0.909185 0.56 2 0.05 500
0.906884 0.56 2 0.05 550
0.909511 0.56 2 0.05 600
0.909529 0.56 2 0.05 650
0.909128 0.56 2 0.07 450
0.910259 0.56 2 0.07 500
0.911416 0.56 2 0.07 550
0.911155 0.56 2 0.07 600
0.91118 0.56 2 0.07 650
0.909949 0.56 2 0.09 450
0.911278 0.56 2 0.09 500
0.908857 0.56 2 0.09 550
0.909156 0.56 2 0.09 600
0.908267 0.56 2 0.09 650
0.909004 0.56 2 0.11 450
0.909633 0.56 2 0.11 500
0.907747 0.56 2 0.11 550
0.908409 0.56 2 0.11 600
0.908638 0.56 2 0.11 650
0.909823 0.56 2 0.13 450
0.912271 0.56 2 0.13 500
0.910842 0.56 2 0.13 550
0.91076 0.56 2 0.13 600
0.909194 0.56 2 0.13 650
0.912293 0.56 2 0.15 450
0.912644 0.56 2 0.15 500
0.910726 0.56 2 0.15 550
0.910224 0.56 2 0.15 600
0.909306 0.56 2 0.15 650
0.909365 0.56 2 0.17 450
0.910987 0.56 2 0.17 500
0.909867 0.56 2 0.17 550
0.909321 0.56 2 0.17 600
0.906375 0.56 2 0.17 650
0.911729 0.56 2 0.19 450
0.91024 0.56 2 0.19 500
0.906143 0.56 2 0.19 550
0.908129 0.56 2 0.19 600
0.905816 0.56 2 0.19 650
0.906291 0.56 3 0.05 450
0.905451 0.56 3 0.05 500
0.906407 0.56 3 0.05 550
0.907303 0.56 3 0.05 600
0.90574 0.56 3 0.05 650
0.909412 0.56 3 0.07 450
0.908408 0.56 3 0.07 500
0.907596 0.56 3 0.07 550
0.907828 0.56 3 0.07 600
0.907307 0.56 3 0.07 650
0.909652 0.56 3 0.09 450
0.911278 0.56 3 0.09 500
0.909897 0.56 3 0.09 550
0.909922 0.56 3 0.09 600
0.910248 0.56 3 0.09 650
0.909475 0.56 3 0.11 450
0.90823 0.56 3 0.11 500
0.908736 0.56 3 0.11 550
0.907753 0.56 3 0.11 600
0.908561 0.56 3 0.11 650
0.908239 0.56 3 0.13 450
0.906368 0.56 3 0.13 500
0.908203 0.56 3 0.13 550
0.908271 0.56 3 0.13 600
0.90873 0.56 3 0.13 650
0.906425 0.56 3 0.15 450
0.904858 0.56 3 0.15 500
0.903513 0.56 3 0.15 550
0.905548 0.56 3 0.15 600
0.905366 0.56 3 0.15 650
0.908542 0.56 3 0.17 450
0.90884 0.56 3 0.17 500
0.907223 0.56 3 0.17 550
0.908755 0.56 3 0.17 600
0.909025 0.56 3 0.17 650
0.909139 0.56 3 0.19 450
0.907967 0.56 3 0.19 500
0.908251 0.56 3 0.19 550
0.909315 0.56 3 0.19 600
0.907369 0.56 3 0.19 650
0.909801 0.56 4 0.05 450
0.908474 0.56 4 0.05 500
0.909935 0.56 4 0.05 550
0.910255 0.56 4 0.05 600
0.91058 0.56 4 0.05 650
0.907325 0.56 4 0.07 450
0.907067 0.56 4 0.07 500
0.906794 0.56 4 0.07 550
0.907831 0.56 4 0.07 600
0.908597 0.56 4 0.07 650
0.909536 0.56 4 0.09 450
0.907502 0.56 4 0.09 500
0.907599 0.56 4 0.09 550
0.908629 0.56 4 0.09 600
0.907705 0.56 4 0.09 650
0.908878 0.56 4 0.11 450
0.906671 0.56 4 0.11 500
0.906378 0.56 4 0.11 550
0.90755 0.56 4 0.11 600
0.908125 0.56 4 0.11 650
0.905256 0.56 4 0.13 450
0.90572 0.56 4 0.13 500
0.90591 0.56 4 0.13 550
0.905493 0.56 4 0.13 600
0.905497 0.56 4 0.13 650
0.904395 0.56 4 0.15 450
0.904686 0.56 4 0.15 500
0.904695 0.56 4 0.15 550
0.906725 0.56 4 0.15 600
0.905823 0.56 4 0.15 650
0.90858 0.56 4 0.17 450
0.909361 0.56 4 0.17 500
0.908917 0.56 4 0.17 550
0.908622 0.56 4 0.17 600
0.908928 0.56 4 0.17 650
0.90753 0.56 4 0.19 450
0.906141 0.56 4 0.19 500
0.906175 0.56 4 0.19 550
0.907041 0.56 4 0.19 600
0.908147 0.56 4 0.19 650
0.909087 0.56 5 0.05 450
0.908852 0.56 5 0.05 500
0.909444 0.56 5 0.05 550
0.910487 0.56 5 0.05 600
0.911749 0.56 5 0.05 650
0.907235 0.56 5 0.07 450
0.908312 0.56 5 0.07 500
0.907103 0.56 5 0.07 550
0.908593 0.56 5 0.07 600
0.908944 0.56 5 0.07 650
0.907061 0.56 5 0.09 450
0.905872 0.56 5 0.09 500
0.906878 0.56 5 0.09 550
0.907494 0.56 5 0.09 600
0.906545 0.56 5 0.09 650
0.907056 0.56 5 0.11 450
0.908764 0.56 5 0.11 500
0.908315 0.56 5 0.11 550
0.908145 0.56 5 0.11 600
0.909024 0.56 5 0.11 650
0.907134 0.56 5 0.13 450
0.906557 0.56 5 0.13 500
0.907312 0.56 5 0.13 550
0.906574 0.56 5 0.13 600
0.906852 0.56 5 0.13 650
0.907941 0.56 5 0.15 450
0.908397 0.56 5 0.15 500
0.907456 0.56 5 0.15 550
0.907763 0.56 5 0.15 600
0.907459 0.56 5 0.15 650
0.906745 0.56 5 0.17 450
0.907225 0.56 5 0.17 500
0.907567 0.56 5 0.17 550
0.90792 0.56 5 0.17 600
0.907183 0.56 5 0.17 650
0.910217 0.56 5 0.19 450
0.90959 0.56 5 0.19 500
0.908626 0.56 5 0.19 550
0.90897 0.56 5 0.19 600
0.908847 0.56 5 0.19 650
