0.91375 0.36 2 0.05 450
0.912328 0.36 2 0.05 500
0.913009 0.36 2 0.05 550
0.912932 0.36 2 0.05 600
0.912674 0.36 2 0.05 650
0.915272 0.36 2 0.07 450
0.914758 0.36 2 0.07 500
0.912903 0.36 2 0.07 550
0.912828 0.36 2 0.07 600
0.912808 0.36 2 0.07 650
0.914542 0.36 2 0.09 450
0.913738 0.36 2 0.09 500
0.911642 0.36 2 0.09 550
0.912943 0.36 2 0.09 600
0.912763 0.36 2 0.09 650
0.914635 0.36 2 0.11 450
0.914423 0.36 2 0.11 500
0.912432 0.36 2 0.11 550
0.912982 0.36 2 0.11 600
0.913092 0.36 2 0.11 650
0.912929 0.36 2 0.13 450
0.912529 0.36 2 0.13 500
0.911295 0.36 2 0.13 550
0.910468 0.36 2 0.13 600
0.911386 0.36 2 0.13 650
0.911218 0.36 2 0.15 450
0.912275 0.36 2 0.15 500
0.910593 0.36 2 0.15 550
0.911226 0.36 2 0.15 600
0.909871 0.36 2 0.15 650
0.914466 0.36 2 0.17 450
0.914548 0.36 2 0.17 500
0.913134 0.36 2 0.17 550
0.913092 0.36 2 0.17 600
0.912816 0.36 2 0.17 650
0.912545 0.36 2 0.19 450
0.912828 0.36 2 0.19 500
0.912203 0.36 2 0.19 550
0.9121 0.36 2 0.19 600
0.912188 0.36 2 0.19 650
0.910758 0.36 3 0.05 450
0.910691 0.36 3 0.05 500
0.908829 0.36 3 0.05 550
0.910403 0.36 3 0.05 600
0.909671 0.36 3 0.05 650
0.911252 0.36 3 0.07 450
0.910166 0.36 3 0.07 500
0.910092 0.36 3 0.07 550
0.909744 0.36 3 0.07 600
0.909567 0.36 3 0.07 650
0.913795 0.36 3 0.09 450
0.913899 0.36 3 0.09 500
0.911803 0.36 3 0.09 550
0.912876 0.36 3 0.09 600
0.910855 0.36 3 0.09 650
0.912364 0.36 3 0.11 450
0.912032 0.36 3 0.11 500
0.910694 0.36 3 0.11 550
0.910333 0.36 3 0.11 600
0.908503 0.36 3 0.11 650
0.911881 0.36 3 0.13 450
0.911285 0.36 3 0.13 500
0.911324 0.36 3 0.13 550
0.911301 0.36 3 0.13 600
0.912125 0.36 3 0.13 650
0.912206 0.36 3 0.15 450
0.912522 0.36 3 0.15 500
0.910875 0.36 3 0.15 550
0.912043 0.36 3 0.15 600
0.910759 0.36 3 0.15 650
0.912365 0.36 3 0.17 450
0.910783 0.36 3 0.17 500
0.910004 0.36 3 0.17 550
0.911409 0.36 3 0.17 600
0.909708 0.36 3 0.17 650
0.910598 0.36 3 0.19 450
0.911981 0.36 3 0.19 500
0.910967 0.36 3 0.19 550
0.911837 0.36 3 0.19 600
0.911437 0.36 3 0.19 650
0.909106 0.36 4 0.05 450
0.909411 0.36 4 0.05 500
0.908446 0.36 4 0.05 550
0.909014 0.36 4 0.05 600
0.909196 0.36 4 0.05 650
0.913117 0.36 4 0.07 450
0.91157 0.36 4 0.07 500
0.911202 0.36 4 0.07 550
0.91078 0.36 4 0.07 600
0.910995 0.36 4 0.07 650
0.909053 0.36 4 0.09 450
0.909311 0.36 4 0.09 500
0.908329 0.36 4 0.09 550
0.90929 0.36 4 0.09 600
0.909816 0.36 4 0.09 650
0.910551 0.36 4 0.11 450
0.910152 0.36 4 0.11 500
0.908788 0.36 4 0.11 550
0.909638 0.36 4 0.11 600
0.908892 0.36 4 0.11 650
0.910183 0.36 4 0.13 450
0.909241 0.36 4 0.13 500
0.90801 0.36 4 0.13 550
0.909075 0.36 4 0.13 600
0.909306 0.36 4 0.13 650
0.909433 0.36 4 0.15 450
0.909997 0.36 4 0.15 500
0.909657 0.36 4 0.15 550
0.910475 0.36 4 0.15 600
0.909397 0.36 4 0.15 650
0.909998 0.36 4 0.17 450
0.910444 0.36 4 0.17 500
0.909811 0.36 4 0.17 550
0.909651 0.36 4 0.17 600
0.910821 0.36 4 0.17 650
0.910348 0.36 4 0.19 450
0.907939 0.36 4 0.19 500
0.908477 0.36 4 0.19 550
0.909064 0.36 4 0.19 600
0.908753 0.36 4 0.19 650
0.911095 0.36 5 0.05 450
0.911092 0.36 5 0.05 500
0.911772 0.36 5 0.05 550
0.91103 0.36 5 0.05 600
0.910801 0.36 5 0.05 650
0.907302 0.36 5 0.07 450
0.908674 0.36 5 0.07 500
0.908287 0.36 5 0.07 550
0.909083 0.36 5 0.07 600
0.909549 0.36 5 0.07 650
0.909459 0.36 5 0.09 450
0.909985 0.36 5 0.09 500
0.908937 0.36 5 0.09 550
0.910039 0.36 5 0.09 600
0.909698 0.36 5 0.09 650
0.910173 0.36 5 0.11 450
0.911623 0.36 5 0.11 500
0.910557 0.36 5 0.11 550
0.911221 0.36 5 0.11 600
0.911151 0.36 5 0.11 650
0.910381 0.36 5 0.13 450
0.910438 0.36 5 0.13 500
0.909381 0.36 5 0.13 550
0.910703 0.36 5 0.13 600
0.911003 0.36 5 0.13 650
0.908565 0.36 5 0.15 450
0.908458 0.36 5 0.15 500
0.909053 0.36 5 0.15 550
0.909764 0.36 5 0.15 600
0.909541 0.36 5 0.15 650
0.909889 0.36 5 0.17 450
0.909127 0.36 5 0.17 500
0.909775 0.36 5 0.17 550
0.910723 0.36 5 0.17 600
0.910304 0.36 5 0.17 650
0.911541 0.36 5 0.19 450
0.911688 0.36 5 0.19 500
0.909904 0.36 5 0.19 550
0.910858 0.36 5 0.19 600
0.910168 0.36 5 0.19 650
