0.915697 0.26 2 0.05 450
0.915631 0.26 2 0.05 500
0.914309 0.26 2 0.05 550
0.915087 0.26 2 0.05 600
0.914519 0.26 2 0.05 650
0.915697 0.26 2 0.07 450
0.915452 0.26 2 0.07 500
0.914415 0.26 2 0.07 550
0.914757 0.26 2 0.07 600
0.91385 0.26 2 0.07 650
0.915684 0.26 2 0.09 450
0.915486 0.26 2 0.09 500
0.914394 0.26 2 0.09 550
0.914721 0.26 2 0.09 600
0.913877 0.26 2 0.09 650
0.915677 0.26 2 0.11 450
0.915485 0.26 2 0.11 500
0.91383 0.26 2 0.11 550
0.914305 0.26 2 0.11 600
0.915529 0.26 2 0.11 650
0.916702 0.26 2 0.13 450
0.915658 0.26 2 0.13 500
0.915809 0.26 2 0.13 550
0.91626 0.26 2 0.13 600
0.915614 0.26 2 0.13 650
0.915477 0.26 2 0.15 450
0.915417 0.26 2 0.15 500
0.914851 0.26 2 0.15 550
0.914878 0.26 2 0.15 600
0.914818 0.26 2 0.15 650
0.915941 0.26 2 0.17 450
0.916367 0.26 2 0.17 500
0.915505 0.26 2 0.17 550
0.915712 0.26 2 0.17 600
0.915637 0.26 2 0.17 650
0.916964 0.26 2 0.19 450
0.915846 0.26 2 0.19 500
0.915174 0.26 2 0.19 550
0.915854 0.26 2 0.19 600
0.914658 0.26 2 0.19 650
0.912696 0.26 3 0.05 450
0.91219 0.26 3 0.05 500
0.911198 0.26 3 0.05 550
0.911121 0.26 3 0.05 600
0.910349 0.26 3 0.05 650
0.91222 0.26 3 0.07 450
0.912568 0.26 3 0.07 500
0.912183 0.26 3 0.07 550
0.911791 0.26 3 0.07 600
0.911817 0.26 3 0.07 650
0.911767 0.26 3 0.09 450
0.911497 0.26 3 0.09 500
0.911495 0.26 3 0.09 550
0.911271 0.26 3 0.09 600
0.912388 0.26 3 0.09 650
0.911184 0.26 3 0.11 450
0.911573 0.26 3 0.11 500
0.910271 0.26 3 0.11 550
0.911366 0.26 3 0.11 600
0.91004 0.26 3 0.11 650
0.913002 0.26 3 0.13 450
0.91301 0.26 3 0.13 500
0.91194 0.26 3 0.13 550
0.912183 0.26 3 0.13 600
0.911136 0.26 3 0.13 650
0.913461 0.26 3 0.15 450
0.912276 0.26 3 0.15 500
0.912042 0.26 3 0.15 550
0.912967 0.26 3 0.15 600
0.91254 0.26 3 0.15 650
0.914274 0.26 3 0.17 450
0.913217 0.26 3 0.17 500
0.911988 0.26 3 0.17 550
0.911946 0.26 3 0.17 600
0.911154 0.26 3 0.17 650
0.91209 0.26 3 0.19 450
0.911841 0.26 3 0.19 500
0.911873 0.26 3 0.19 550
0.910919 0.26 3 0.19 600
0.90998 0.26 3 0.19 650
0.910687 0.26 4 0.05 450
0.910836 0.26 4 0.05 500
0.909506 0.26 4 0.05 550
0.910576 0.26 4 0.05 600
0.9103 0.26 4 0.05 650
0.909424 0.26 4 0.07 450
0.909255 0.26 4 0.07 500
0.910143 0.26 4 0.07 550
0.911958 0.26 4 0.07 600
0.911576 0.26 4 0.07 650
0.912214 0.26 4 0.09 450
0.910826 0.26 4 0.09 500
0.909609 0.26 4 0.09 550
0.912881 0.26 4 0.09 600
0.912061 0.26 4 0.09 650
0.912888 0.26 4 0.11 450
0.912067 0.26 4 0.11 500
0.91209 0.26 4 0.11 550
0.912246 0.26 4 0.11 600
0.912813 0.26 4 0.11 650
0.911376 0.26 4 0.13 450
0.909816 0.26 4 0.13 500
0.910161 0.26 4 0.13 550
0.911743 0.26 4 0.13 600
0.91124 0.26 4 0.13 650
0.912623 0.26 4 0.15 450
0.912491 0.26 4 0.15 500
0.9113 0.26 4 0.15 550
0.912678 0.26 4 0.15 600
0.912072 0.26 4 0.15 650
0.910769 0.26 4 0.17 450
0.910304 0.26 4 0.17 500
0.911074 0.26 4 0.17 550
0.910676 0.26 4 0.17 600
0.910756 0.26 4 0.17 650
0.912645 0.26 4 0.19 450
0.91155 0.26 4 0.19 500
0.910956 0.26 4 0.19 550
0.910324 0.26 4 0.19 600
0.911426 0.26 4 0.19 650
0.911256 0.26 5 0.05 450
0.910614 0.26 5 0.05 500
0.910407 0.26 5 0.05 550
0.910618 0.26 5 0.05 600
0.911476 0.26 5 0.05 650
0.911073 0.26 5 0.07 450
0.910518 0.26 5 0.07 500
0.911368 0.26 5 0.07 550
0.910846 0.26 5 0.07 600
0.910234 0.26 5 0.07 650
0.911695 0.26 5 0.09 450
0.911824 0.26 5 0.09 500
0.910466 0.26 5 0.09 550
0.911349 0.26 5 0.09 600
0.910904 0.26 5 0.09 650
0.91189 0.26 5 0.11 450
0.911378 0.26 5 0.11 500
0.911578 0.26 5 0.11 550
0.911883 0.26 5 0.11 600
0.911447 0.26 5 0.11 650
0.913456 0.26 5 0.13 450
0.913643 0.26 5 0.13 500
0.912672 0.26 5 0.13 550
0.913072 0.26 5 0.13 600
0.912091 0.26 5 0.13 650
0.910796 0.26 5 0.15 450
0.91162 0.26 5 0.15 500
0.912056 0.26 5 0.15 550
0.91226 0.26 5 0.15 600
0.912067 0.26 5 0.15 650
0.910348 0.26 5 0.17 450
0.909776 0.26 5 0.17 500
0.909945 0.26 5 0.17 550
0.910384 0.26 5 0.17 600
0.91 0.26 5 0.17 650
0.912838 0.26 5 0.19 450
0.911848 0.26 5 0.19 500
0.911388 0.26 5 0.19 550
0.911227 0.26 5 0.19 600
0.911689 0.26 5 0.19 650
