0.91525 0.06 2 0.05 450
0.915701 0.06 2 0.05 500
0.915701 0.06 2 0.05 550
0.91583 0.06 2 0.05 600
0.915346 0.06 2 0.05 650
0.915248 0.06 2 0.07 450
0.915701 0.06 2 0.07 500
0.915731 0.06 2 0.07 550
0.91583 0.06 2 0.07 600
0.915331 0.06 2 0.07 650
0.915248 0.06 2 0.09 450
0.915702 0.06 2 0.09 500
0.91573 0.06 2 0.09 550
0.915841 0.06 2 0.09 600
0.915456 0.06 2 0.09 650
0.915247 0.06 2 0.11 450
0.915701 0.06 2 0.11 500
0.915736 0.06 2 0.11 550
0.915853 0.06 2 0.11 600
0.915457 0.06 2 0.11 650
0.915124 0.06 2 0.13 450
0.915723 0.06 2 0.13 500
0.915537 0.06 2 0.13 550
0.915611 0.06 2 0.13 600
0.915251 0.06 2 0.13 650
0.915122 0.06 2 0.15 450
0.915669 0.06 2 0.15 500
0.915497 0.06 2 0.15 550
0.915596 0.06 2 0.15 600
0.915281 0.06 2 0.15 650
0.915115 0.06 2 0.17 450
0.915655 0.06 2 0.17 500
0.915412 0.06 2 0.17 550
0.91558 0.06 2 0.17 600
0.914949 0.06 2 0.17 650
0.915342 0.06 2 0.19 450
0.915543 0.06 2 0.19 500
0.915895 0.06 2 0.19 550
0.916133 0.06 2 0.19 600
0.915358 0.06 2 0.19 650
0.917066 0.06 3 0.05 450
0.917336 0.06 3 0.05 500
0.917018 0.06 3 0.05 550
0.916532 0.06 3 0.05 600
0.915869 0.06 3 0.05 650
0.916792 0.06 3 0.07 450
0.917258 0.06 3 0.07 500
0.91648 0.06 3 0.07 550
0.916816 0.06 3 0.07 600
0.915973 0.06 3 0.07 650
0.917131 0.06 3 0.09 450
0.916919 0.06 3 0.09 500
0.916543 0.06 3 0.09 550
0.916617 0.06 3 0.09 600
0.915689 0.06 3 0.09 650
0.917267 0.06 3 0.11 450
0.917141 0.06 3 0.11 500
0.91653 0.06 3 0.11 550
0.916373 0.06 3 0.11 600
0.915586 0.06 3 0.11 650
0.917081 0.06 3 0.13 450
0.917156 0.06 3 0.13 500
0.916746 0.06 3 0.13 550
0.916585 0.06 3 0.13 600
0.916098 0.06 3 0.13 650
0.916979 0.06 3 0.15 450
0.9175 0.06 3 0.15 500
0.91688 0.06 3 0.15 550
0.916683 0.06 3 0.15 600
0.916237 0.06 3 0.15 650
0.916761 0.06 3 0.17 450
0.916626 0.06 3 0.17 500
0.916878 0.06 3 0.17 550
0.916641 0.06 3 0.17 600
0.916174 0.06 3 0.17 650
0.917369 0.06 3 0.19 450
0.917219 0.06 3 0.19 500
0.917069 0.06 3 0.19 550
0.917087 0.06 3 0.19 600
0.916016 0.06 3 0.19 650
0.917369 0.06 4 0.05 450
0.917801 0.06 4 0.05 500
0.917432 0.06 4 0.05 550
0.917103 0.06 4 0.05 600
0.916226 0.06 4 0.05 650
0.918065 0.06 4 0.07 450
0.917907 0.06 4 0.07 500
0.917298 0.06 4 0.07 550
0.917289 0.06 4 0.07 600
0.916459 0.06 4 0.07 650
0.917295 0.06 4 0.09 450
0.917604 0.06 4 0.09 500
0.917202 0.06 4 0.09 550
0.917203 0.06 4 0.09 600
0.917099 0.06 4 0.09 650
0.918263 0.06 4 0.11 450
0.918149 0.06 4 0.11 500
0.917612 0.06 4 0.11 550
0.916956 0.06 4 0.11 600
0.917074 0.06 4 0.11 650
0.917742 0.06 4 0.13 450
0.917302 0.06 4 0.13 500
0.916754 0.06 4 0.13 550
0.916805 0.06 4 0.13 600
0.916547 0.06 4 0.13 650
0.9176 0.06 4 0.15 450
0.917479 0.06 4 0.15 500
0.917147 0.06 4 0.15 550
0.917536 0.06 4 0.15 600
0.916693 0.06 4 0.15 650
0.91828 0.06 4 0.17 450
0.917792 0.06 4 0.17 500
0.917324 0.06 4 0.17 550
0.916961 0.06 4 0.17 600
0.916129 0.06 4 0.17 650
0.917621 0.06 4 0.19 450
0.917562 0.06 4 0.19 500
0.917215 0.06 4 0.19 550
0.916993 0.06 4 0.19 600
0.915857 0.06 4 0.19 650
0.915006 0.06 5 0.05 450
0.915589 0.06 5 0.05 500
0.915214 0.06 5 0.05 550
0.915408 0.06 5 0.05 600
0.915346 0.06 5 0.05 650
0.916299 0.06 5 0.07 450
0.916429 0.06 5 0.07 500
0.91659 0.06 5 0.07 550
0.916281 0.06 5 0.07 600
0.916335 0.06 5 0.07 650
0.915387 0.06 5 0.09 450
0.914967 0.06 5 0.09 500
0.914963 0.06 5 0.09 550
0.914836 0.06 5 0.09 600
0.91444 0.06 5 0.09 650
0.915766 0.06 5 0.11 450
0.916139 0.06 5 0.11 500
0.915794 0.06 5 0.11 550
0.916008 0.06 5 0.11 600
0.915841 0.06 5 0.11 650
0.915828 0.06 5 0.13 450
0.915392 0.06 5 0.13 500
0.91583 0.06 5 0.13 550
0.916024 0.06 5 0.13 600
0.915128 0.06 5 0.13 650
0.914743 0.06 5 0.15 450
0.914736 0.06 5 0.15 500
0.91491 0.06 5 0.15 550
0.915356 0.06 5 0.15 600
0.914899 0.06 5 0.15 650
0.916238 0.06 5 0.17 450
0.916368 0.06 5 0.17 500
0.916234 0.06 5 0.17 550
0.916124 0.06 5 0.17 600
0.915298 0.06 5 0.17 650
0.916173 0.06 5 0.19 450
0.914933 0.06 5 0.19 500
0.914646 0.06 5 0.19 550
0.915346 0.06 5 0.19 600
0.914609 0.06 5 0.19 650
