0.915645 0.16 2 0.05 450
0.914847 0.16 2 0.05 500
0.914276 0.16 2 0.05 550
0.914219 0.16 2 0.05 600
0.914417 0.16 2 0.05 650
0.915646 0.16 2 0.07 450
0.914838 0.16 2 0.07 500
0.914241 0.16 2 0.07 550
0.91422 0.16 2 0.07 600
0.91444 0.16 2 0.07 650
0.915688 0.16 2 0.09 450
0.915017 0.16 2 0.09 500
0.914282 0.16 2 0.09 550
0.914578 0.16 2 0.09 600
0.914516 0.16 2 0.09 650
0.915711 0.16 2 0.11 450
0.915025 0.16 2 0.11 500
0.914297 0.16 2 0.11 550
0.914595 0.16 2 0.11 600
0.914504 0.16 2 0.11 650
0.915687 0.16 2 0.13 450
0.914962 0.16 2 0.13 500
0.91376 0.16 2 0.13 550
0.914061 0.16 2 0.13 600
0.913426 0.16 2 0.13 650
0.916095 0.16 2 0.15 450
0.914839 0.16 2 0.15 500
0.913638 0.16 2 0.15 550
0.913657 0.16 2 0.15 600
0.914016 0.16 2 0.15 650
0.915661 0.16 2 0.17 450
0.915061 0.16 2 0.17 500
0.915141 0.16 2 0.17 550
0.914857 0.16 2 0.17 600
0.914599 0.16 2 0.17 650
0.916494 0.16 2 0.19 450
0.915605 0.16 2 0.19 500
0.915063 0.16 2 0.19 550
0.915121 0.16 2 0.19 600
0.91572 0.16 2 0.19 650
0.915583 0.16 3 0.05 450
0.915404 0.16 3 0.05 500
0.914671 0.16 3 0.05 550
0.914189 0.16 3 0.05 600
0.914582 0.16 3 0.05 650
0.914245 0.16 3 0.07 450
0.914214 0.16 3 0.07 500
0.912839 0.16 3 0.07 550
0.912504 0.16 3 0.07 600
0.912214 0.16 3 0.07 650
0.914392 0.16 3 0.09 450
0.914238 0.16 3 0.09 500
0.913981 0.16 3 0.09 550
0.913346 0.16 3 0.09 600
0.912225 0.16 3 0.09 650
0.913832 0.16 3 0.11 450
0.913886 0.16 3 0.11 500
0.913257 0.16 3 0.11 550
0.913581 0.16 3 0.11 600
0.912543 0.16 3 0.11 650
0.915422 0.16 3 0.13 450
0.914424 0.16 3 0.13 500
0.914298 0.16 3 0.13 550
0.913787 0.16 3 0.13 600
0.913693 0.16 3 0.13 650
0.915056 0.16 3 0.15 450
0.914549 0.16 3 0.15 500
0.91409 0.16 3 0.15 550
0.913834 0.16 3 0.15 600
0.913448 0.16 3 0.15 650
0.915334 0.16 3 0.17 450
0.91509 0.16 3 0.17 500
0.91405 0.16 3 0.17 550
0.914098 0.16 3 0.17 600
0.913554 0.16 3 0.17 650
0.91526 0.16 3 0.19 450
0.915282 0.16 3 0.19 500
0.914625 0.16 3 0.19 550
0.914569 0.16 3 0.19 600
0.913743 0.16 3 0.19 650
0.912345 0.16 4 0.05 450
0.912724 0.16 4 0.05 500
0.912758 0.16 4 0.05 550
0.912265 0.16 4 0.05 600
0.911754 0.16 4 0.05 650
0.913474 0.16 4 0.07 450
0.912277 0.16 4 0.07 500
0.911352 0.16 4 0.07 550
0.91216 0.16 4 0.07 600
0.91218 0.16 4 0.07 650
0.913401 0.16 4 0.09 450
0.912889 0.16 4 0.09 500
0.913529 0.16 4 0.09 550
0.913046 0.16 4 0.09 600
0.912803 0.16 4 0.09 650
0.91322 0.16 4 0.11 450
0.913382 0.16 4 0.11 500
0.912752 0.16 4 0.11 550
0.913501 0.16 4 0.11 600
0.91229 0.16 4 0.11 650
0.915558 0.16 4 0.13 450
0.91506 0.16 4 0.13 500
0.914929 0.16 4 0.13 550
0.914082 0.16 4 0.13 600
0.91342 0.16 4 0.13 650
0.915027 0.16 4 0.15 450
0.912963 0.16 4 0.15 500
0.91275 0.16 4 0.15 550
0.912308 0.16 4 0.15 600
0.911904 0.16 4 0.15 650
0.913979 0.16 4 0.17 450
0.912542 0.16 4 0.17 500
0.911639 0.16 4 0.17 550
0.912736 0.16 4 0.17 600
0.91095 0.16 4 0.17 650
0.913471 0.16 4 0.19 450
0.912847 0.16 4 0.19 500
0.912678 0.16 4 0.19 550
0.914095 0.16 4 0.19 600
0.913025 0.16 4 0.19 650
0.91209 0.16 5 0.05 450
0.911728 0.16 5 0.05 500
0.912649 0.16 5 0.05 550
0.912092 0.16 5 0.05 600
0.911397 0.16 5 0.05 650
0.913591 0.16 5 0.07 450
0.913287 0.16 5 0.07 500
0.913839 0.16 5 0.07 550
0.91407 0.16 5 0.07 600
0.913248 0.16 5 0.07 650
0.912576 0.16 5 0.09 450
0.912451 0.16 5 0.09 500
0.911957 0.16 5 0.09 550
0.910859 0.16 5 0.09 600
0.911916 0.16 5 0.09 650
0.91372 0.16 5 0.11 450
0.913055 0.16 5 0.11 500
0.913004 0.16 5 0.11 550
0.913919 0.16 5 0.11 600
0.913369 0.16 5 0.11 650
0.913228 0.16 5 0.13 450
0.913514 0.16 5 0.13 500
0.912626 0.16 5 0.13 550
0.91312 0.16 5 0.13 600
0.913091 0.16 5 0.13 650
0.913513 0.16 5 0.15 450
0.913341 0.16 5 0.15 500
0.913363 0.16 5 0.15 550
0.914138 0.16 5 0.15 600
0.912971 0.16 5 0.15 650
0.912579 0.16 5 0.17 450
0.912521 0.16 5 0.17 500
0.912512 0.16 5 0.17 550
0.912464 0.16 5 0.17 600
0.912248 0.16 5 0.17 650
0.913236 0.16 5 0.19 450
0.913816 0.16 5 0.19 500
0.913603 0.16 5 0.19 550
0.913603 0.16 5 0.19 600
0.913201 0.16 5 0.19 650
