0.95538 0.31 2 5 450
0.955518 0.31 2 5 500
0.95514 0.31 2 5 550
0.954135 0.31 2 5 600
0.954782 0.31 2 5 650
0.94252 0.31 2 7 450
0.944631 0.31 2 7 500
0.945586 0.31 2 7 550
0.942264 0.31 2 7 600
0.943461 0.31 2 7 650
0.937 0.31 2 9 450
0.93299 0.31 2 9 500
0.936031 0.31 2 9 550
0.931581 0.31 2 9 600
0.932856 0.31 2 9 650
0.935551 0.31 2 11 450
0.933764 0.31 2 11 500
0.934514 0.31 2 11 550
0.934279 0.31 2 11 600
0.934175 0.31 2 11 650
0.934541 0.31 2 13 450
0.936383 0.31 2 13 500
0.936283 0.31 2 13 550
0.934654 0.31 2 13 600
0.935504 0.31 2 13 650
0.929637 0.31 2 15 450
0.930925 0.31 2 15 500
0.928038 0.31 2 15 550
0.929019 0.31 2 15 600
0.928356 0.31 2 15 650
0.927585 0.31 2 17 450
0.929781 0.31 2 17 500
0.929021 0.31 2 17 550
0.927939 0.31 2 17 600
0.927875 0.31 2 17 650
0.931317 0.31 2 19 450
0.930577 0.31 2 19 500
0.93351 0.31 2 19 550
0.930105 0.31 2 19 600
0.931239 0.31 2 19 650
0.926246 0.31 3 13 450
0.924818 0.31 3 13 500
0.926365 0.31 3 13 550
0.924258 0.31 3 13 600
0.925656 0.31 3 13 650
0.93018 0.31 3 15 450
0.930317 0.31 3 15 500
0.929243 0.31 3 15 550
0.928337 0.31 3 15 600
0.927214 0.31 3 15 650
0.931156 0.31 3 17 450
0.92937 0.31 3 17 500
0.930076 0.31 3 17 550
0.927346 0.31 3 17 600
0.925751 0.31 3 17 650
0.929115 0.31 3 19 450
0.930231 0.31 3 19 500
0.930406 0.31 3 19 550
0.928609 0.31 3 19 600
0.929853 0.31 3 19 650
0.927791 0.31 4 13 450
0.930603 0.31 4 13 500
0.930164 0.31 4 13 550
0.928321 0.31 4 13 600
0.93007 0.31 4 13 650
0.93226 0.31 4 15 450
0.933264 0.31 4 15 500
0.93297 0.31 4 15 550
0.933651 0.31 4 15 600
0.931822 0.31 4 15 650
0.931156 0.31 4 17 450
0.92937 0.31 4 17 500
0.930076 0.31 4 17 550
0.927346 0.31 4 17 600
0.925751 0.31 4 17 650
0.929115 0.31 4 19 450
0.930231 0.31 4 19 500
0.930406 0.31 4 19 550
0.928609 0.31 4 19 600
0.929853 0.31 4 19 650
0.927791 0.31 5 13 450
0.930603 0.31 5 13 500
0.930164 0.31 5 13 550
0.928321 0.31 5 13 600
0.93007 0.31 5 13 650
0.93226 0.31 5 15 450
0.933264 0.31 5 15 500
0.93297 0.31 5 15 550
0.933651 0.31 5 15 600
0.931822 0.31 5 15 650
0.931156 0.31 5 17 450
0.92937 0.31 5 17 500
0.930076 0.31 5 17 550
0.927346 0.31 5 17 600
0.925751 0.31 5 17 650
0.929115 0.31 5 19 450
0.930231 0.31 5 19 500
0.930406 0.31 5 19 550
0.928609 0.31 5 19 600
0.929853 0.31 5 19 650
[INFO]:: End of writing to file: outfile_31.txt
0.950575 0.31 3 5 450
0.948922 0.31 3 5 500
0.950906 0.31 3 5 550
0.949706 0.31 3 5 600
0.951652 0.31 3 5 650
0.941976 0.31 3 7 450
0.941778 0.31 3 7 500
0.943892 0.31 3 7 550
0.94118 0.31 3 7 600
0.944165 0.31 3 7 650
0.931149 0.31 3 9 450
0.933693 0.31 3 9 500
0.931601 0.31 3 9 550
0.931335 0.31 3 9 600
0.93091 0.31 3 9 650
0.929319 0.31 3 11 450
0.929948 0.31 3 11 500
0.930576 0.31 3 11 550
0.930896 0.31 3 11 600
0.930977 0.31 3 11 650
0.945028 0.31 4 5 450
0.946023 0.31 4 5 500
0.945221 0.31 4 5 550
0.94507 0.31 4 5 600
0.947331 0.31 4 5 650
0.939824 0.31 4 7 450
0.940916 0.31 4 7 500
0.940398 0.31 4 7 550
0.938556 0.31 4 7 600
0.940876 0.31 4 7 650
0.930171 0.31 4 9 450
0.932936 0.31 4 9 500
0.93284 0.31 4 9 550
0.931925 0.31 4 9 600
0.933174 0.31 4 9 650
0.927187 0.31 4 11 450
0.927419 0.31 4 11 500
0.928702 0.31 4 11 550
0.930979 0.31 4 11 600
0.933233 0.31 4 11 650
0.950885 0.31 5 5 450
0.949549 0.31 5 5 500
0.951549 0.31 5 5 550
0.953554 0.31 5 5 600
0.954685 0.31 5 5 650
0.939669 0.31 5 7 450
0.940364 0.31 5 7 500
0.941923 0.31 5 7 550
0.941325 0.31 5 7 600
0.94423 0.31 5 7 650
0.92986 0.31 5 9 450
0.928676 0.31 5 9 500
0.931087 0.31 5 9 550
0.931396 0.31 5 9 600
0.934459 0.31 5 9 650
0.934217 0.31 5 11 450
0.933616 0.31 5 11 500
0.933967 0.31 5 11 550
0.935133 0.31 5 11 600
0.931008 0.31 5 11 650
[INFO]:: End of writing to file: outfile_31.txt
