0.956206 0.41 2 5 450
0.957288 0.41 2 5 500
0.956412 0.41 2 5 550
0.95556 0.41 2 5 600
0.95678 0.41 2 5 650
0.947646 0.41 2 7 450
0.947587 0.41 2 7 500
0.945105 0.41 2 7 550
0.945872 0.41 2 7 600
0.944041 0.41 2 7 650
0.936303 0.41 2 9 450
0.934383 0.41 2 9 500
0.936071 0.41 2 9 550
0.935394 0.41 2 9 600
0.93859 0.41 2 9 650
0.925375 0.41 2 11 450
0.926792 0.41 2 11 500
0.924079 0.41 2 11 550
0.923391 0.41 2 11 600
0.923268 0.41 2 11 650
0.926063 0.41 2 13 450
0.925497 0.41 2 13 500
0.926238 0.41 2 13 550
0.926899 0.41 2 13 600
0.928787 0.41 2 13 650
0.930218 0.41 2 15 450
0.931193 0.41 2 15 500
0.926155 0.41 2 15 550
0.926184 0.41 2 15 600
0.928948 0.41 2 15 650
0.914537 0.41 2 17 450
0.914275 0.41 2 17 500
0.913381 0.41 2 17 550
0.909116 0.41 2 17 600
0.90739 0.41 2 17 650
0.911332 0.41 2 19 450
0.908507 0.41 2 19 500
0.908943 0.41 2 19 550
0.908356 0.41 2 19 600
0.906794 0.41 2 19 650
0.940786 0.41 3 5 450
0.938568 0.41 3 5 500
0.939146 0.41 3 5 550
0.937579 0.41 3 5 600
0.939497 0.41 3 5 650
0.927092 0.41 3 7 450
0.927594 0.41 3 7 500
0.927205 0.41 3 7 550
0.924979 0.41 3 7 600
0.924687 0.41 3 7 650
0.923663 0.41 3 9 450
0.925083 0.41 3 9 500
0.923188 0.41 3 9 550
0.918285 0.41 3 9 600
0.920672 0.41 3 9 650
0.910063 0.41 3 11 450
0.913023 0.41 3 11 500
0.909441 0.41 3 11 550
0.908571 0.41 3 11 600
0.908203 0.41 3 11 650
0.903304 0.41 3 13 450
0.902431 0.41 3 13 500
0.901208 0.41 3 13 550
0.895999 0.41 3 13 600
0.901294 0.41 3 13 650
0.902099 0.41 3 15 450
0.900055 0.41 3 15 500
0.897873 0.41 3 15 550
0.896375 0.41 3 15 600
0.895326 0.41 3 15 650
0.911915 0.41 3 17 450
0.912108 0.41 3 17 500
0.912021 0.41 3 17 550
0.910736 0.41 3 17 600
0.910229 0.41 3 17 650
0.911576 0.41 3 19 450
0.907603 0.41 3 19 500
0.910705 0.41 3 19 550
0.905753 0.41 3 19 600
0.906789 0.41 3 19 650
0.943533 0.41 4 5 450
0.941836 0.41 4 5 500
0.942778 0.41 4 5 550
0.943711 0.41 4 5 600
0.940793 0.41 4 5 650
0.927236 0.41 4 7 450
0.928181 0.41 4 7 500
0.925875 0.41 4 7 550
0.925957 0.41 4 7 600
0.92718 0.41 4 7 650
0.919491 0.41 4 9 450
0.917094 0.41 4 9 500
0.917861 0.41 4 9 550
0.916809 0.41 4 9 600
0.920304 0.41 4 9 650
0.918533 0.41 4 11 450
0.916198 0.41 4 11 500
0.916197 0.41 4 11 550
0.914992 0.41 4 11 600
0.913079 0.41 4 11 650
0.911233 0.41 4 13 450
0.907726 0.41 4 13 500
0.909589 0.41 4 13 550
0.906555 0.41 4 13 600
0.901327 0.41 4 13 650
0.906688 0.41 4 15 450
0.903797 0.41 4 15 500
0.901951 0.41 4 15 550
0.900139 0.41 4 15 600
0.897529 0.41 4 15 650
0.911915 0.41 4 17 450
0.912108 0.41 4 17 500
0.912021 0.41 4 17 550
0.910736 0.41 4 17 600
0.910229 0.41 4 17 650
0.911576 0.41 4 19 450
0.907603 0.41 4 19 500
0.910705 0.41 4 19 550
0.905753 0.41 4 19 600
0.906789 0.41 4 19 650
0.932004 0.41 5 5 450
0.934674 0.41 5 5 500
0.933241 0.41 5 5 550
0.933261 0.41 5 5 600
0.934455 0.41 5 5 650
0.925499 0.41 5 7 450
0.927425 0.41 5 7 500
0.929757 0.41 5 7 550
0.928175 0.41 5 7 600
0.927811 0.41 5 7 650
0.922195 0.41 5 9 450
0.925789 0.41 5 9 500
0.925062 0.41 5 9 550
0.921512 0.41 5 9 600
0.923591 0.41 5 9 650
0.916002 0.41 5 11 450
0.911971 0.41 5 11 500
0.91184 0.41 5 11 550
0.914062 0.41 5 11 600
0.915451 0.41 5 11 650
0.914238 0.41 5 13 450
0.912214 0.41 5 13 500
0.911326 0.41 5 13 550
0.907479 0.41 5 13 600
0.910163 0.41 5 13 650
0.906688 0.41 5 15 450
0.903797 0.41 5 15 500
0.901951 0.41 5 15 550
0.900139 0.41 5 15 600
0.897529 0.41 5 15 650
0.911915 0.41 5 17 450
0.912108 0.41 5 17 500
0.912021 0.41 5 17 550
0.910736 0.41 5 17 600
0.910229 0.41 5 17 650
0.911576 0.41 5 19 450
0.907603 0.41 5 19 500
0.910705 0.41 5 19 550
0.905753 0.41 5 19 600
0.906789 0.41 5 19 650
[INFO]:: End of writing to file: outfile_41.txt
