0.911724 0.51 2 0.05 450
0.911627 0.51 2 0.05 500
0.911169 0.51 2 0.05 550
0.912522 0.51 2 0.05 600
0.90995 0.51 2 0.05 650
0.91024 0.51 2 0.07 450
0.910417 0.51 2 0.07 500
0.909119 0.51 2 0.07 550
0.910951 0.51 2 0.07 600
0.908343 0.51 2 0.07 650
0.913201 0.51 2 0.09 450
0.913401 0.51 2 0.09 500
0.910556 0.51 2 0.09 550
0.912595 0.51 2 0.09 600
0.913045 0.51 2 0.09 650
0.914689 0.51 2 0.11 450
0.914357 0.51 2 0.11 500
0.911017 0.51 2 0.11 550
0.9122 0.51 2 0.11 600
0.912389 0.51 2 0.11 650
0.911581 0.51 2 0.13 450
0.911812 0.51 2 0.13 500
0.910688 0.51 2 0.13 550
0.911347 0.51 2 0.13 600
0.910441 0.51 2 0.13 650
0.911785 0.51 2 0.15 450
0.911851 0.51 2 0.15 500
0.912942 0.51 2 0.15 550
0.913278 0.51 2 0.15 600
0.911316 0.51 2 0.15 650
0.912615 0.51 2 0.17 450
0.912056 0.51 2 0.17 500
0.9113 0.51 2 0.17 550
0.910838 0.51 2 0.17 600
0.91026 0.51 2 0.17 650
0.910403 0.51 2 0.19 450
0.910708 0.51 2 0.19 500
0.909374 0.51 2 0.19 550
0.910743 0.51 2 0.19 600
0.910022 0.51 2 0.19 650
0.912772 0.51 3 0.05 450
0.912301 0.51 3 0.05 500
0.913136 0.51 3 0.05 550
0.912117 0.51 3 0.05 600
0.911294 0.51 3 0.05 650
0.909603 0.51 3 0.07 450
0.911487 0.51 3 0.07 500
0.909224 0.51 3 0.07 550
0.909688 0.51 3 0.07 600
0.909287 0.51 3 0.07 650
0.91291 0.51 3 0.09 450
0.909457 0.51 3 0.09 500
0.911794 0.51 3 0.09 550
0.911256 0.51 3 0.09 600
0.911903 0.51 3 0.09 650
0.909983 0.51 3 0.11 450
0.909588 0.51 3 0.11 500
0.907168 0.51 3 0.11 550
0.908619 0.51 3 0.11 600
0.909344 0.51 3 0.11 650
0.909481 0.51 3 0.13 450
0.907106 0.51 3 0.13 500
0.906804 0.51 3 0.13 550
0.907781 0.51 3 0.13 600
0.90831 0.51 3 0.13 650
0.911164 0.51 3 0.15 450
0.910167 0.51 3 0.15 500
0.9109 0.51 3 0.15 550
0.911002 0.51 3 0.15 600
0.911256 0.51 3 0.15 650
0.90983 0.51 3 0.17 450
0.911179 0.51 3 0.17 500
0.909823 0.51 3 0.17 550
0.908933 0.51 3 0.17 600
0.908673 0.51 3 0.17 650
0.910398 0.51 3 0.19 450
0.908869 0.51 3 0.19 500
0.907476 0.51 3 0.19 550
0.908525 0.51 3 0.19 600
0.908569 0.51 3 0.19 650
0.907719 0.51 4 0.05 450
0.906332 0.51 4 0.05 500
0.908573 0.51 4 0.05 550
0.910271 0.51 4 0.05 600
0.908344 0.51 4 0.05 650
0.906735 0.51 4 0.07 450
0.905759 0.51 4 0.07 500
0.904044 0.51 4 0.07 550
0.907109 0.51 4 0.07 600
0.906016 0.51 4 0.07 650
0.90898 0.51 4 0.09 450
0.908301 0.51 4 0.09 500
0.909022 0.51 4 0.09 550
0.908975 0.51 4 0.09 600
0.9083 0.51 4 0.09 650
0.909472 0.51 4 0.11 450
0.908614 0.51 4 0.11 500
0.907192 0.51 4 0.11 550
0.907786 0.51 4 0.11 600
0.907934 0.51 4 0.11 650
0.90641 0.51 4 0.13 450
0.906022 0.51 4 0.13 500
0.907277 0.51 4 0.13 550
0.908716 0.51 4 0.13 600
0.908774 0.51 4 0.13 650
0.907672 0.51 4 0.15 450
0.908577 0.51 4 0.15 500
0.907233 0.51 4 0.15 550
0.907336 0.51 4 0.15 600
0.907674 0.51 4 0.15 650
0.908483 0.51 4 0.17 450
0.909995 0.51 4 0.17 500
0.909611 0.51 4 0.17 550
0.909214 0.51 4 0.17 600
0.908702 0.51 4 0.17 650
0.905463 0.51 4 0.19 450
0.906021 0.51 4 0.19 500
0.905864 0.51 4 0.19 550
0.90513 0.51 4 0.19 600
0.905864 0.51 4 0.19 650
0.908173 0.51 5 0.05 450
0.907997 0.51 5 0.05 500
0.908108 0.51 5 0.05 550
0.908624 0.51 5 0.05 600
0.908533 0.51 5 0.05 650
0.909373 0.51 5 0.07 450
0.907102 0.51 5 0.07 500
0.907043 0.51 5 0.07 550
0.908172 0.51 5 0.07 600
0.90891 0.51 5 0.07 650
0.907866 0.51 5 0.09 450
0.90806 0.51 5 0.09 500
0.907224 0.51 5 0.09 550
0.906442 0.51 5 0.09 600
0.905774 0.51 5 0.09 650
0.908136 0.51 5 0.11 450
0.908282 0.51 5 0.11 500
0.906664 0.51 5 0.11 550
0.906982 0.51 5 0.11 600
0.907449 0.51 5 0.11 650
0.908405 0.51 5 0.13 450
0.90845 0.51 5 0.13 500
0.908151 0.51 5 0.13 550
0.908776 0.51 5 0.13 600
0.908128 0.51 5 0.13 650
0.90698 0.51 5 0.15 450
0.906087 0.51 5 0.15 500
0.905361 0.51 5 0.15 550
0.905919 0.51 5 0.15 600
0.905522 0.51 5 0.15 650
0.908618 0.51 5 0.17 450
0.908235 0.51 5 0.17 500
0.907126 0.51 5 0.17 550
0.908824 0.51 5 0.17 600
0.907591 0.51 5 0.17 650
0.908864 0.51 5 0.19 450
0.908388 0.51 5 0.19 500
0.908758 0.51 5 0.19 550
0.909531 0.51 5 0.19 600
0.908611 0.51 5 0.19 650
