0.959503 0.46 2 5 450
0.957658 0.46 2 5 500
0.958884 0.46 2 5 550
0.957127 0.46 2 5 600
0.957576 0.46 2 5 650
0.944777 0.46 2 7 450
0.946635 0.46 2 7 500
0.945021 0.46 2 7 550
0.945873 0.46 2 7 600
0.9469 0.46 2 7 650
0.935208 0.46 2 9 450
0.933367 0.46 2 9 500
0.932624 0.46 2 9 550
0.933169 0.46 2 9 600
0.932289 0.46 2 9 650
0.923393 0.46 2 11 450
0.923742 0.46 2 11 500
0.928387 0.46 2 11 550
0.924626 0.46 2 11 600
0.921972 0.46 2 11 650
0.926711 0.46 2 13 450
0.924822 0.46 2 13 500
0.923977 0.46 2 13 550
0.923165 0.46 2 13 600
0.925602 0.46 2 13 650
0.925465 0.46 2 15 450
0.927197 0.46 2 15 500
0.925848 0.46 2 15 550
0.924423 0.46 2 15 600
0.922533 0.46 2 15 650
0.924011 0.46 2 17 450
0.923141 0.46 2 17 500
0.924477 0.46 2 17 550
0.922985 0.46 2 17 600
0.92211 0.46 2 17 650
0.92668 0.46 2 19 450
0.930054 0.46 2 19 500
0.92819 0.46 2 19 550
0.925961 0.46 2 19 600
0.928013 0.46 2 19 650
0.948003 0.46 3 5 450
0.947494 0.46 3 5 500
0.949538 0.46 3 5 550
0.949353 0.46 3 5 600
0.949708 0.46 3 5 650
0.935366 0.46 3 7 450
0.93633 0.46 3 7 500
0.941295 0.46 3 7 550
0.936446 0.46 3 7 600
0.937182 0.46 3 7 650
0.923364 0.46 3 9 450
0.924814 0.46 3 9 500
0.926049 0.46 3 9 550
0.926255 0.46 3 9 600
0.931277 0.46 3 9 650
0.922742 0.46 3 11 450
0.923635 0.46 3 11 500
0.929108 0.46 3 11 550
0.928246 0.46 3 11 600
0.930528 0.46 3 11 650
0.9246 0.46 3 13 450
0.923772 0.46 3 13 500
0.923148 0.46 3 13 550
0.923548 0.46 3 13 600
0.922532 0.46 3 13 650
0.923826 0.46 3 15 450
0.929743 0.46 3 15 500
0.92755 0.46 3 15 550
0.928514 0.46 3 15 600
0.929507 0.46 3 15 650
0.921536 0.46 3 17 450
0.918801 0.46 3 17 500
0.918869 0.46 3 17 550
0.920074 0.46 3 17 600
0.923067 0.46 3 17 650
0.928129 0.46 3 19 450
0.927614 0.46 3 19 500
0.926668 0.46 3 19 550
0.925077 0.46 3 19 600
0.92502 0.46 3 19 650
0.947487 0.46 4 5 450
0.946784 0.46 4 5 500
0.947879 0.46 4 5 550
0.946742 0.46 4 5 600
0.951862 0.46 4 5 650
0.93792 0.46 4 7 450
0.936772 0.46 4 7 500
0.940483 0.46 4 7 550
0.9379 0.46 4 7 600
0.941871 0.46 4 7 650
0.924483 0.46 4 9 450
0.928467 0.46 4 9 500
0.925224 0.46 4 9 550
0.924598 0.46 4 9 600
0.927714 0.46 4 9 650
0.919877 0.46 4 11 450
0.922844 0.46 4 11 500
0.92538 0.46 4 11 550
0.925399 0.46 4 11 600
0.929647 0.46 4 11 650
0.923525 0.46 4 13 450
0.925193 0.46 4 13 500
0.925105 0.46 4 13 550
0.925419 0.46 4 13 600
0.925581 0.46 4 13 650
0.925398 0.46 4 15 450
0.9257 0.46 4 15 500
0.923166 0.46 4 15 550
0.926216 0.46 4 15 600
0.92687 0.46 4 15 650
0.921536 0.46 4 17 450
0.918801 0.46 4 17 500
0.918869 0.46 4 17 550
0.920074 0.46 4 17 600
0.923067 0.46 4 17 650
0.928129 0.46 4 19 450
0.927614 0.46 4 19 500
0.926668 0.46 4 19 550
0.925077 0.46 4 19 600
0.92502 0.46 4 19 650
0.929352 0.46 5 5 450
0.933756 0.46 5 5 500
0.929967 0.46 5 5 550
0.926756 0.46 5 5 600
0.931453 0.46 5 5 650
0.922797 0.46 5 7 450
0.923537 0.46 5 7 500
0.923716 0.46 5 7 550
0.922722 0.46 5 7 600
0.924399 0.46 5 7 650
0.917946 0.46 5 9 450
0.917822 0.46 5 9 500
0.917988 0.46 5 9 550
0.917326 0.46 5 9 600
0.918056 0.46 5 9 650
0.909979 0.46 5 11 450
0.908751 0.46 5 11 500
0.910672 0.46 5 11 550
0.913424 0.46 5 11 600
0.911088 0.46 5 11 650
0.914629 0.46 5 13 450
0.91102 0.46 5 13 500
0.912329 0.46 5 13 550
0.911132 0.46 5 13 600
0.911093 0.46 5 13 650
0.905955 0.46 5 15 450
0.905532 0.46 5 15 500
0.907 0.46 5 15 550
0.904241 0.46 5 15 600
0.90304 0.46 5 15 650
0.909644 0.46 5 17 450
0.910247 0.46 5 17 500
0.911226 0.46 5 17 550
0.906062 0.46 5 17 600
0.904156 0.46 5 17 650
0.911248 0.46 5 19 450
0.907929 0.46 5 19 500
0.909828 0.46 5 19 550
0.908632 0.46 5 19 600
0.907663 0.46 5 19 650
