0.908608 0.01 2 0.05 450
0.909646 0.01 2 0.05 500
0.910617 0.01 2 0.05 550
0.910613 0.01 2 0.05 600
0.910815 0.01 2 0.05 650
0.908608 0.01 2 0.07 450
0.909646 0.01 2 0.07 500
0.910617 0.01 2 0.07 550
0.910613 0.01 2 0.07 600
0.910815 0.01 2 0.07 650
0.908608 0.01 2 0.09 450
0.909646 0.01 2 0.09 500
0.910617 0.01 2 0.09 550
0.910613 0.01 2 0.09 600
0.910815 0.01 2 0.09 650
0.908608 0.01 2 0.11 450
0.909646 0.01 2 0.11 500
0.910617 0.01 2 0.11 550
0.910613 0.01 2 0.11 600
0.910815 0.01 2 0.11 650
0.908608 0.01 2 0.13 450
0.909646 0.01 2 0.13 500
0.910617 0.01 2 0.13 550
0.910613 0.01 2 0.13 600
0.910815 0.01 2 0.13 650
0.908608 0.01 2 0.15 450
0.909646 0.01 2 0.15 500
0.910617 0.01 2 0.15 550
0.910614 0.01 2 0.15 600
0.910817 0.01 2 0.15 650
0.908608 0.01 2 0.17 450
0.909646 0.01 2 0.17 500
0.910617 0.01 2 0.17 550
0.910614 0.01 2 0.17 600
0.910817 0.01 2 0.17 650
0.908608 0.01 2 0.19 450
0.909646 0.01 2 0.19 500
0.910617 0.01 2 0.19 550
0.910614 0.01 2 0.19 600
0.910816 0.01 2 0.19 650
0.913966 0.01 3 0.05 450
0.915105 0.01 3 0.05 500
0.915087 0.01 3 0.05 550
0.915753 0.01 3 0.05 600
0.915591 0.01 3 0.05 650
0.914143 0.01 3 0.07 450
0.914978 0.01 3 0.07 500
0.915039 0.01 3 0.07 550
0.915569 0.01 3 0.07 600
0.915787 0.01 3 0.07 650
0.914143 0.01 3 0.09 450
0.914978 0.01 3 0.09 500
0.915039 0.01 3 0.09 550
0.915569 0.01 3 0.09 600
0.915782 0.01 3 0.09 650
0.914151 0.01 3 0.11 450
0.914979 0.01 3 0.11 500
0.915046 0.01 3 0.11 550
0.915569 0.01 3 0.11 600
0.915784 0.01 3 0.11 650
0.914161 0.01 3 0.13 450
0.915033 0.01 3 0.13 500
0.914946 0.01 3 0.13 550
0.915521 0.01 3 0.13 600
0.915693 0.01 3 0.13 650
0.914181 0.01 3 0.15 450
0.914904 0.01 3 0.15 500
0.914952 0.01 3 0.15 550
0.915611 0.01 3 0.15 600
0.915814 0.01 3 0.15 650
0.914178 0.01 3 0.17 450
0.914905 0.01 3 0.17 500
0.914954 0.01 3 0.17 550
0.915599 0.01 3 0.17 600
0.915799 0.01 3 0.17 650
0.914176 0.01 3 0.19 450
0.914906 0.01 3 0.19 500
0.914972 0.01 3 0.19 550
0.915606 0.01 3 0.19 600
0.915802 0.01 3 0.19 650
0.916927 0.01 4 0.05 450
0.91768 0.01 4 0.05 500
0.91747 0.01 4 0.05 550
0.917131 0.01 4 0.05 600
0.917094 0.01 4 0.05 650
0.91665 0.01 4 0.07 450
0.917016 0.01 4 0.07 500
0.917186 0.01 4 0.07 550
0.916639 0.01 4 0.07 600
0.916738 0.01 4 0.07 650
0.916546 0.01 4 0.09 450
0.916926 0.01 4 0.09 500
0.916917 0.01 4 0.09 550
0.916535 0.01 4 0.09 600
0.916734 0.01 4 0.09 650
0.916888 0.01 4 0.11 450
0.91723 0.01 4 0.11 500
0.916933 0.01 4 0.11 550
0.91686 0.01 4 0.11 600
0.917367 0.01 4 0.11 650
0.916808 0.01 4 0.13 450
0.916997 0.01 4 0.13 500
0.916773 0.01 4 0.13 550
0.916703 0.01 4 0.13 600
0.917089 0.01 4 0.13 650
0.917029 0.01 4 0.15 450
0.917466 0.01 4 0.15 500
0.917073 0.01 4 0.15 550
0.916783 0.01 4 0.15 600
0.916754 0.01 4 0.15 650
0.916794 0.01 4 0.17 450
0.917332 0.01 4 0.17 500
0.916911 0.01 4 0.17 550
0.916484 0.01 4 0.17 600
0.917177 0.01 4 0.17 650
0.916588 0.01 4 0.19 450
0.917233 0.01 4 0.19 500
0.916929 0.01 4 0.19 550
0.916665 0.01 4 0.19 600
0.917066 0.01 4 0.19 650
0.916676 0.01 5 0.05 450
0.916921 0.01 5 0.05 500
0.917293 0.01 5 0.05 550
0.91741 0.01 5 0.05 600
0.917452 0.01 5 0.05 650
0.917119 0.01 5 0.07 450
0.917379 0.01 5 0.07 500
0.91712 0.01 5 0.07 550
0.917287 0.01 5 0.07 600
0.91726 0.01 5 0.07 650
0.917065 0.01 5 0.09 450
0.917254 0.01 5 0.09 500
0.917378 0.01 5 0.09 550
0.917751 0.01 5 0.09 600
0.917703 0.01 5 0.09 650
0.916331 0.01 5 0.11 450
0.916745 0.01 5 0.11 500
0.917026 0.01 5 0.11 550
0.917268 0.01 5 0.11 600
0.917207 0.01 5 0.11 650
0.916669 0.01 5 0.13 450
0.917015 0.01 5 0.13 500
0.917138 0.01 5 0.13 550
0.917451 0.01 5 0.13 600
0.917306 0.01 5 0.13 650
0.917428 0.01 5 0.15 450
0.917886 0.01 5 0.15 500
0.917776 0.01 5 0.15 550
0.917698 0.01 5 0.15 600
0.917755 0.01 5 0.15 650
0.917414 0.01 5 0.17 450
0.917564 0.01 5 0.17 500
0.917435 0.01 5 0.17 550
0.917583 0.01 5 0.17 600
0.917796 0.01 5 0.17 650
0.916801 0.01 5 0.19 450
0.917262 0.01 5 0.19 500
0.917767 0.01 5 0.19 550
0.917685 0.01 5 0.19 600
0.91779 0.01 5 0.19 650
