0.915984 0.11 2 0.05 450
0.915468 0.11 2 0.05 500
0.915872 0.11 2 0.05 550
0.91567 0.11 2 0.05 600
0.915505 0.11 2 0.05 650
0.915984 0.11 2 0.07 450
0.915471 0.11 2 0.07 500
0.91584 0.11 2 0.07 550
0.91567 0.11 2 0.07 600
0.915504 0.11 2 0.07 650
0.915989 0.11 2 0.09 450
0.915483 0.11 2 0.09 500
0.915835 0.11 2 0.09 550
0.91566 0.11 2 0.09 600
0.915526 0.11 2 0.09 650
0.915987 0.11 2 0.11 450
0.9155 0.11 2 0.11 500
0.915812 0.11 2 0.11 550
0.915667 0.11 2 0.11 600
0.915504 0.11 2 0.11 650
0.916019 0.11 2 0.13 450
0.915547 0.11 2 0.13 500
0.915738 0.11 2 0.13 550
0.91518 0.11 2 0.13 600
0.915044 0.11 2 0.13 650
0.916033 0.11 2 0.15 450
0.915539 0.11 2 0.15 500
0.915707 0.11 2 0.15 550
0.915182 0.11 2 0.15 600
0.915033 0.11 2 0.15 650
0.916284 0.11 2 0.17 450
0.915928 0.11 2 0.17 500
0.916158 0.11 2 0.17 550
0.915937 0.11 2 0.17 600
0.915713 0.11 2 0.17 650
0.915976 0.11 2 0.19 450
0.915407 0.11 2 0.19 500
0.915954 0.11 2 0.19 550
0.915987 0.11 2 0.19 600
0.915843 0.11 2 0.19 650
0.916069 0.11 3 0.05 450
0.916483 0.11 3 0.05 500
0.916467 0.11 3 0.05 550
0.915706 0.11 3 0.05 600
0.915063 0.11 3 0.05 650
0.917077 0.11 3 0.07 450
0.917072 0.11 3 0.07 500
0.915801 0.11 3 0.07 550
0.916295 0.11 3 0.07 600
0.91548 0.11 3 0.07 650
0.91694 0.11 3 0.09 450
0.91607 0.11 3 0.09 500
0.916095 0.11 3 0.09 550
0.916218 0.11 3 0.09 600
0.915165 0.11 3 0.09 650
0.916553 0.11 3 0.11 450
0.91619 0.11 3 0.11 500
0.91637 0.11 3 0.11 550
0.91559 0.11 3 0.11 600
0.914073 0.11 3 0.11 650
0.916386 0.11 3 0.13 450
0.916436 0.11 3 0.13 500
0.915904 0.11 3 0.13 550
0.916092 0.11 3 0.13 600
0.914695 0.11 3 0.13 650
0.91722 0.11 3 0.15 450
0.91692 0.11 3 0.15 500
0.916674 0.11 3 0.15 550
0.916192 0.11 3 0.15 600
0.915061 0.11 3 0.15 650
0.917108 0.11 3 0.17 450
0.916813 0.11 3 0.17 500
0.916218 0.11 3 0.17 550
0.916171 0.11 3 0.17 600
0.914892 0.11 3 0.17 650
0.915939 0.11 3 0.19 450
0.915773 0.11 3 0.19 500
0.91629 0.11 3 0.19 550
0.915638 0.11 3 0.19 600
0.915084 0.11 3 0.19 650
0.915276 0.11 4 0.05 450
0.914971 0.11 4 0.05 500
0.91444 0.11 4 0.05 550
0.915287 0.11 4 0.05 600
0.914438 0.11 4 0.05 650
0.913538 0.11 4 0.07 450
0.914054 0.11 4 0.07 500
0.91324 0.11 4 0.07 550
0.913648 0.11 4 0.07 600
0.913633 0.11 4 0.07 650
0.914677 0.11 4 0.09 450
0.914232 0.11 4 0.09 500
0.913787 0.11 4 0.09 550
0.913817 0.11 4 0.09 600
0.912926 0.11 4 0.09 650
0.914914 0.11 4 0.11 450
0.914343 0.11 4 0.11 500
0.913518 0.11 4 0.11 550
0.913786 0.11 4 0.11 600
0.913455 0.11 4 0.11 650
0.914683 0.11 4 0.13 450
0.913227 0.11 4 0.13 500
0.913534 0.11 4 0.13 550
0.913856 0.11 4 0.13 600
0.913655 0.11 4 0.13 650
0.914681 0.11 4 0.15 450
0.914458 0.11 4 0.15 500
0.914034 0.11 4 0.15 550
0.914541 0.11 4 0.15 600
0.913599 0.11 4 0.15 650
0.91399 0.11 4 0.17 450
0.913828 0.11 4 0.17 500
0.913312 0.11 4 0.17 550
0.913321 0.11 4 0.17 600
0.912877 0.11 4 0.17 650
0.915471 0.11 4 0.19 450
0.914669 0.11 4 0.19 500
0.913786 0.11 4 0.19 550
0.913999 0.11 4 0.19 600
0.913581 0.11 4 0.19 650
0.914475 0.11 5 0.05 450
0.914013 0.11 5 0.05 500
0.913935 0.11 5 0.05 550
0.914213 0.11 5 0.05 600
0.914053 0.11 5 0.05 650
0.913765 0.11 5 0.07 450
0.913495 0.11 5 0.07 500
0.913575 0.11 5 0.07 550
0.9146 0.11 5 0.07 600
0.913578 0.11 5 0.07 650
0.91474 0.11 5 0.09 450
0.914006 0.11 5 0.09 500
0.914123 0.11 5 0.09 550
0.914148 0.11 5 0.09 600
0.9135 0.11 5 0.09 650
0.91288 0.11 5 0.11 450
0.912442 0.11 5 0.11 500
0.912065 0.11 5 0.11 550
0.912824 0.11 5 0.11 600
0.912373 0.11 5 0.11 650
0.915004 0.11 5 0.13 450
0.9148 0.11 5 0.13 500
0.914659 0.11 5 0.13 550
0.914319 0.11 5 0.13 600
0.914508 0.11 5 0.13 650
0.913822 0.11 5 0.15 450
0.913727 0.11 5 0.15 500
0.914211 0.11 5 0.15 550
0.913665 0.11 5 0.15 600
0.913238 0.11 5 0.15 650
0.915287 0.11 5 0.17 450
0.915074 0.11 5 0.17 500
0.91508 0.11 5 0.17 550
0.915235 0.11 5 0.17 600
0.914764 0.11 5 0.17 650
0.914068 0.11 5 0.19 450
0.913838 0.11 5 0.19 500
0.913657 0.11 5 0.19 550
0.913503 0.11 5 0.19 600
0.913342 0.11 5 0.19 650
