0.912933 0.21 2 0.05 450
0.913663 0.21 2 0.05 500
0.911772 0.21 2 0.05 550
0.912772 0.21 2 0.05 600
0.912943 0.21 2 0.05 650
0.912953 0.21 2 0.07 450
0.913637 0.21 2 0.07 500
0.911775 0.21 2 0.07 550
0.912551 0.21 2 0.07 600
0.91282 0.21 2 0.07 650
0.913954 0.21 2 0.09 450
0.914111 0.21 2 0.09 500
0.91343 0.21 2 0.09 550
0.91368 0.21 2 0.09 600
0.914596 0.21 2 0.09 650
0.914465 0.21 2 0.11 450
0.915394 0.21 2 0.11 500
0.914305 0.21 2 0.11 550
0.913999 0.21 2 0.11 600
0.914142 0.21 2 0.11 650
0.914472 0.21 2 0.13 450
0.914431 0.21 2 0.13 500
0.912764 0.21 2 0.13 550
0.913101 0.21 2 0.13 600
0.913228 0.21 2 0.13 650
0.914534 0.21 2 0.15 450
0.914612 0.21 2 0.15 500
0.913589 0.21 2 0.15 550
0.91421 0.21 2 0.15 600
0.914371 0.21 2 0.15 650
0.914756 0.21 2 0.17 450
0.915018 0.21 2 0.17 500
0.913466 0.21 2 0.17 550
0.914039 0.21 2 0.17 600
0.913272 0.21 2 0.17 650
0.914387 0.21 2 0.19 450
0.914449 0.21 2 0.19 500
0.913586 0.21 2 0.19 550
0.913705 0.21 2 0.19 600
0.913373 0.21 2 0.19 650
0.911526 0.21 3 0.05 450
0.91304 0.21 3 0.05 500
0.912591 0.21 3 0.05 550
0.912123 0.21 3 0.05 600
0.91172 0.21 3 0.05 650
0.912401 0.21 3 0.07 450
0.91252 0.21 3 0.07 500
0.912306 0.21 3 0.07 550
0.912845 0.21 3 0.07 600
0.91182 0.21 3 0.07 650
0.911561 0.21 3 0.09 450
0.912086 0.21 3 0.09 500
0.911626 0.21 3 0.09 550
0.912114 0.21 3 0.09 600
0.91062 0.21 3 0.09 650
0.912732 0.21 3 0.11 450
0.913861 0.21 3 0.11 500
0.91281 0.21 3 0.11 550
0.912773 0.21 3 0.11 600
0.913269 0.21 3 0.11 650
0.912757 0.21 3 0.13 450
0.913101 0.21 3 0.13 500
0.911401 0.21 3 0.13 550
0.912087 0.21 3 0.13 600
0.911608 0.21 3 0.13 650
0.911263 0.21 3 0.15 450
0.912455 0.21 3 0.15 500
0.912406 0.21 3 0.15 550
0.91197 0.21 3 0.15 600
0.911396 0.21 3 0.15 650
0.913058 0.21 3 0.17 450
0.912826 0.21 3 0.17 500
0.91292 0.21 3 0.17 550
0.91277 0.21 3 0.17 600
0.911848 0.21 3 0.17 650
0.912265 0.21 3 0.19 450
0.913018 0.21 3 0.19 500
0.912915 0.21 3 0.19 550
0.912675 0.21 3 0.19 600
0.912269 0.21 3 0.19 650
0.912991 0.21 4 0.05 450
0.91304 0.21 4 0.05 500
0.913176 0.21 4 0.05 550
0.914308 0.21 4 0.05 600
0.913393 0.21 4 0.05 650
0.913559 0.21 4 0.07 450
0.914137 0.21 4 0.07 500
0.913702 0.21 4 0.07 550
0.913744 0.21 4 0.07 600
0.913509 0.21 4 0.07 650
0.911217 0.21 4 0.09 450
0.910759 0.21 4 0.09 500
0.909754 0.21 4 0.09 550
0.911478 0.21 4 0.09 600
0.909947 0.21 4 0.09 650
0.913289 0.21 4 0.11 450
0.911714 0.21 4 0.11 500
0.911647 0.21 4 0.11 550
0.912314 0.21 4 0.11 600
0.91129 0.21 4 0.11 650
0.912432 0.21 4 0.13 450
0.911315 0.21 4 0.13 500
0.910246 0.21 4 0.13 550
0.911891 0.21 4 0.13 600
0.911986 0.21 4 0.13 650
0.913451 0.21 4 0.15 450
0.913418 0.21 4 0.15 500
0.912381 0.21 4 0.15 550
0.912856 0.21 4 0.15 600
0.913005 0.21 4 0.15 650
0.914348 0.21 4 0.17 450
0.912443 0.21 4 0.17 500
0.912402 0.21 4 0.17 550
0.913377 0.21 4 0.17 600
0.912233 0.21 4 0.17 650
0.914775 0.21 4 0.19 450
0.914127 0.21 4 0.19 500
0.914267 0.21 4 0.19 550
0.913757 0.21 4 0.19 600
0.912314 0.21 4 0.19 650
0.912321 0.21 5 0.05 450
0.912673 0.21 5 0.05 500
0.91232 0.21 5 0.05 550
0.912044 0.21 5 0.05 600
0.912841 0.21 5 0.05 650
0.9119 0.21 5 0.07 450
0.912291 0.21 5 0.07 500
0.911389 0.21 5 0.07 550
0.912304 0.21 5 0.07 600
0.912194 0.21 5 0.07 650
0.908711 0.21 5 0.09 450
0.90958 0.21 5 0.09 500
0.909572 0.21 5 0.09 550
0.909663 0.21 5 0.09 600
0.910592 0.21 5 0.09 650
0.910586 0.21 5 0.11 450
0.909511 0.21 5 0.11 500
0.910979 0.21 5 0.11 550
0.911012 0.21 5 0.11 600
0.912099 0.21 5 0.11 650
0.912855 0.21 5 0.13 450
0.911988 0.21 5 0.13 500
0.911957 0.21 5 0.13 550
0.912738 0.21 5 0.13 600
0.912481 0.21 5 0.13 650
0.91169 0.21 5 0.15 450
0.911912 0.21 5 0.15 500
0.91171 0.21 5 0.15 550
0.911453 0.21 5 0.15 600
0.912443 0.21 5 0.15 650
0.911238 0.21 5 0.17 450
0.911699 0.21 5 0.17 500
0.911258 0.21 5 0.17 550
0.911515 0.21 5 0.17 600
0.911345 0.21 5 0.17 650
0.913208 0.21 5 0.19 450
0.913261 0.21 5 0.19 500
0.912646 0.21 5 0.19 550
0.913765 0.21 5 0.19 600
0.912783 0.21 5 0.19 650
